0 -21.216665 -397.34982 -11.28
1 null
2 null
3 -24.697779 -595.5702 -73.31704
4 null
5 null
6 -26.57148 -448.4839 -27.792593
7 1.4207411 -461.3635 -37.250736
8 -20.876421 -495.93857 -50.106915
9 6.1022224 -580.5339 -58.01778
10 36.061108 -599.3772 -36.193707
11 -5.47 -593.025 -49.52
12 8.239878 -648.733 -133.24246
13 null
14 null
15 24.102758 -719.3782 -122.54791
16 37.618366 -693.6137 -68.309044
17 14.132962 -722.5591 -87.777405
18 262.2137 144.2771 -513.9642
19 269.20743 121.91723 -504.86963
20 262.02505 149.33394 -487.55396
21 316.6437 153.39574 -478.08667
22 313.49777 119.612404 -504.20334
23 316.02243 165.02191 -522.6839
24 271.05148 196.14241 -465.4811
25 306.3906 180.31123 -475.0857
26 276.77335 189.515 -491.07333
27 292.86325 117.12649 -475.16544
28 null
29 null
30 253.10149 171.63203 -461.82556
31 257.7642 140.35994 -450.2969
32 244.04224 170.23537 -431.57333
33 262.61948 204.52022 -428.12808
34 null
35 null
36 308.9893 196.98723 -432.78445
37 305.46524 184.07568 -398.2649
38 309.98734 161.16173 -433.6504
39 272.30087 128.80931 -429.2001
40 null
41 null
42 286.36258 137.07896 -406.14542
43 null
44 null
45 239.32037 215.435 -398.35034
46 236.18481 229.30128 -371.0278
47 255.6563 229.00537 -396.28223
48 242.71098 147.16936 -393.75705
49 null
50 null
51 257.76 134.735 -372.03445
52 270.12222 132.2361 -383.1211
53 291.27634 146.04797 -362.5378
54 319.1163 202.745 -365.9636
55 316.26804 222.61736 -336.8595
56 317.79224 199.28943 -338.7344
57 300.8689 232.04683 -384.55997
58 null
59 null
60 252.97217 235.64848 -359.80362
61 null
62 null
63 225.7921 175.39763 -363.57956
64 null
65 null
66 -59.52321 281.62015 -388.1785
67 -27.755308 344.66373 -398.39297
68 -58.06778 314.9828 -397.38928
69 -47.313457 315.0983 -344.56262
70 null
71 null
72 311.60742 181.92204 -351.03598
73 null
74 null
75 291.93008 250.3271 -344.2207
76 null
77 null
78 238.0752 144.89796 -361.10147
79 null
80 null
81 9.506913 339.64365 -335.8961
82 23.683702 333.96646 -371.41296
83 -14.390042 347.3677 -365.5206
84 246.41467 157.97612 -280.16696
85 220.16321 185.98003 -282.80527
86 258.10397 147.05992 -334.26163
87 -38.622223 238.91982 -332.15445
88 -48.560368 263.74945 -346.25552
89 -45.682224 254.52425 -368.1742
90 296.90002 209.38684 -284.67557
91 283.38696 162.5413 -300.45578
92 310.86063 205.58228 -319.41666
93 221.17778 223.39796 -312.05225
94 233.11684 253.20976 -289.95572
95 238.33925 247.71501 -329.75668
96 309.84854 234.36055 -319.2585
97 null
98 null
99 -11.679383 238.19872 -361.41037
100 null
101 null
102 259.5374 272.2113 -282.7479
103 297.50406 252.50067 -293.29898
104 274.8374 265.3928 -308.87146
105 -45.049633 262.22574 -319.3204
106 null
107 null
108 2.3596704 242.98347 -308.2302
109 27.468765 278.2523 -347.30713
110 29.33889 290.45847 -299.64615
111 -28.293707 339.11734 -273.22864
112 -45.553707 309.49228 -303.47433
113 -44.310375 292.5665 -275.7678
114 -38.585926 -830.8088 -308.36484
115 null
116 null
117 365.85257 -593.2024 -320.4263
118 368.719 -577.8973 -301.7231
119 353.17468 -627.4868 -308.45224
120 22.967407 325.98425 -315.34293
121 null
122 null
123 -6.2100816 338.28043 -300.85153
124 null
125 null
126 -42.811478 -801.8787 -290.36777
127 null
128 null
129 -15.161606 -836.85016 -292.19107
130 null
131 null
132 359.48306 -610.2492 -278.72903
133 null
134 null
135 359.86447 -553.9605 -290.16776
136 324.54675 -512.6259 -246.77612
137 366.84586 -551.10846 -248.679
138 325.98242 -552.8388 -310.23557
139 null
140 null
141 273.07712 -560.5213 -277.76138
142 277.47147 -606.3378 -234.4873
143 270.17856 -554.25214 -243.46173
144 -43.128765 260.0967 -293.11023
145 null
146 null
147 -63.837772 -805.95197 -336.41782
148 -54.764812 -811.87164 -318.75815
149 -57.10774 -791.12714 -306.5386
150 344.20996 -634.65375 -284.10324
151 326.60446 -656.9705 -255.9411
152 328.26556 -660.4309 -276.84262
153 276.4711 -608.0933 -305.777
154 301.78964 -658.76575 -331.62704
155 290.93814 -649.01654 -313.72852
156 297.28333 -656.67206 -286.34442
157 null
158 null
159 301.6421 -655.9913 -262.80667
160 298.8186 -638.42426 -224.6869
161 284.50296 -632.248 -248.69963
162 336.64627 -650.413 -337.88596
163 null
164 null
165 11.761852 -830.06964 -264.37555
166 null
167 null
168 281.5615 272.77792 -254.25844
169 null
170 null
171 28.997446 271.35855 -260.16385
172 null
173 null
174 -58.945267 -754.7837 -298.4617
175 null
176 null
177 -43.106663 -809.62836 -274.49
178 null
179 null
180 354.56116 -604.0118 -251.3206
181 null
182 null
183 280.317 178.61426 -248.27849
184 null
185 null
186 21.432592 319.60464 -259.7048
187 null
188 null
189 -1.8285599 340.96487 -247.86528
190 -33.74576 342.0789 -237.0727
191 24.418188 309.0692 -233.3084
192 14.931111 238.50166 -239.93666
193 -8.456667 225.855 -242.33519
194 -19.317408 230.45277 -268.65927
195 -45.53 -769.085 -272.65
196 null
197 null
198 -37.4 -775.885 -272.28
199 null
200 null
201 -38.16 -786.775 -272.32
202 null
203 null
204 -36.836628 -808.9583 -249.5895
205 null
206 null
207 222.64838 266.96735 -243.7484
208 206.51123 269.55945 -204.92863
209 255.22209 289.066 -226.73494
210 -55.962963 -729.1386 -261.53662
211 null
212 null
213 230.01482 166.59056 -247.25703
214 null
215 null
216 -44.39484 270.84976 -248.6286
217 null
218 null
219 286.26584 200.02367 -198.30084
220 null
221 null
222 -34.26926 -779.4747 -227.74702
223 -47.56753 -731.1902 -199.62123
224 -43.69679 -741.1592 -232.12852
225 363.48752 -575.5457 -216.17729
226 null
227 null
228 372.73294 -526.8138 -205.4648
229 null
230 null
231 208.40826 198.23524 -234.89618
232 null
233 null
234 257.07187 157.44537 -235.06
235 null
236 null
237 31.0521 -762.22833 -248.39949
238 9.564033 -819.0354 -228.12152
239 27.321112 -808.3462 -249.35742
240 286.92966 -501.1156 -215.25543
241 279.15555 -513.8302 -209.12297
242 293.7216 -483.60806 -191.63322
243 -29.514074 221.74933 -204.32753
244 -32.835556 227.54388 -237.85779
245 -13.875186 219.12427 -211.72185
246 276.76184 -575.0147 -212.17802
247 null
248 null
249 238.136 291.68005 -191.27924
250 null
251 null
252 25.113333 247.1534 -213.49432
253 null
254 null
255 338.18298 -604.5132 -204.68333
256 320.90738 -615.9824 -184.62889
257 301.87927 -627.6328 -192.46
258 188.48608 229.58376 -196.31938
259 null
260 null
261 212.79962 175.31761 -205.60692
262 230.6474 148.905 -192.12407
263 204.60852 141.25574 -186.02483
264 -71.74148 -704.99347 -223.37518
265 null
266 null
267 258.012 147.2456 -175.01393
268 null
269 null
270 299.82764 250.33784 -204.91039
271 null
272 null
273 -63.15543 349.0366 -157.05505
274 -53.73988 335.7347 -196.02544
275 -86.65371 313.8497 -144.6616
276 -56.643494 271.52856 -194.0113
277 null
278 null
279 -21.005667 -775.105 -189.88147
280 null
281 null
282 365.98526 -488.91458 -190.8514
283 371.8751 -469.88022 -145.25124
284 386.64197 -510.97574 -150.66557
285 280.9783 -600.7718 -190.41003
286 null
287 null
288 25.32679 320.12637 -181.8879
289 50.160614 291.09973 -170.57094
290 37.505432 289.20297 -195.43135
291 -15.585556 348.20312 -210.66035
292 null
293 null
294 20.851482 -786.9417 -210.97578
295 29.017778 -750.8194 -197.01332
296 15.231647 -755.20654 -167.32202
297 358.71542 -581.97345 -176.30327
298 null
299 null
300 305.75458 262.95142 -184.32161
301 null
302 null
303 -6.2982306 351.1771 -169.29613
304 null
305 null
306 -69.64482 -618.8113 -176.71185
307 -34.353333 -607.8161 -178.04999
308 -39.31444 -646.17596 -213.79005
309 -71.71839 -707.34283 -183.63368
310 null
311 null
312 322.67572 -458.3307 -168.0307
313 null
314 null
315 11.433457 206.99455 -186.56029
316 null
317 null
318 -74.634315 -641.5359 -199.17395
319 null
320 null
321 -46.39593 -875.1098 -756.7722
322 2.4683952 -863.2578 -736.45624
323 -46.465473 -880.8008 -728.4814
324 294.03333 -549.4506 -190.70445
325 286.91888 -576.999 -170.04222
326 276.04825 -580.7654 -121.641235
327 -35.141483 -746.5417 -169.52962
328 null
329 null
330 344.48593 131.69029 -740.722
331 335.47665 191.86833 -745.39215
332 355.02927 165.69649 -734.6237
333 310.70023 -610.94257 -156.96149
334 null
335 null
336 315.2905 236.40984 -134.01904
337 null
338 null
339 -74.44703 281.9381 -165.41307
340 null
341 null
342 -89.81259 -647.4175 -153.22304
343 null
344 null
345 290.10703 195.55205 -135.38072
346 273.9646 167.14476 -130.8942
347 283.60403 185.40388 -164.56259
348 42.70841 153.40497 -159.46739
349 null
350 null
351 23.592962 348.34055 -149.01111
352 null
353 null
354 38.111973 88.05414 -156.96367
355 112.85809 159.53761 -179.31657
356 86.8484 100.77772 -181.60619
357 377.85074 -551.84625 -150.05074
358 369.17935 -565.57477 -129.06012
359 357.8644 -580.3039 -147.8437
360 18.75255 43.861668 -149.56761
361 null
362 null
363 22.331482 109.37908 -120.67544
364 30.656668 133.43944 -126.26223
365 38.733337 146.1624 -143.95074
366 288.65012 -601.4165 -132.79518
367 null
368 null
369 347.45724 -443.11072 -123.72601
370 339.40817 -401.26822 -68.85766
371 352.85706 -432.2876 -92.05666
372 -10.999135 377.3977 -124.754555
373 null
374 null
375 -52.342224 374.14648 -74.72149
376 -37.262592 377.51205 -95.431854
377 -71.29456 354.613 -106.47593
378 -44.227283 229.61748 -155.6869
379 -10.779878 197.19427 -172.61885
380 -14.893333 200.52612 -152.56221
381 -17.751564 1.7630657 -123.56939
382 null
383 null
384 -18.942305 192.86043 -115.524574
385 null
386 null
387 -6.404444 21.801666 -129.64333
388 null
389 null
390 330.28494 -591.28955 -119.93284
391 null
392 null
393 380.6819 -484.1599 -124.102844
394 null
395 null
396 260.04333 8.042901 -120.72049
397 null
398 null
399 216.61855 34.916153 -151.97128
400 null
401 null
402 256.42334 121.83834 -77.40037
403 280.54858 76.93006 -64.305435
404 239.63599 77.5478 -119.48165
405 52.840244 345.4987 -140.06482
406 null
407 null
408 1.1099588 397.3816 -89.46694
409 null
410 null
411 295.98434 -420.7865 -95.209175
412 null
413 null
414 238.74889 -273.33725 -102.26556
415 282.69128 -196.10838 -107.23752
416 276.88434 -245.93352 -92.58148
417 259.78372 52.76018 -101.44668
418 null
419 null
420 -91.95963 294.96054 -120.37024
421 null
422 null
423 5.15 64.53167 -119.723335
424 null
425 null
426 -6.8999996 38.068333 -119.66
427 null
428 null
429 379.28214 -526.32 -86.64263
430 null
431 null
432 382.39517 -527.0797 -122.516174
433 null
434 null
435 2.7269547 -588.7487 -96.03696
436 null
437 null
438 2.342593 -611.658 -144.31464
439 null
440 null
441 -3.7799997 54.618332 -112.76333
442 null
443 null
444 -0.37271595 120.14377 -79.23531
445 -14.371482 48.611668 -101.493706
446 -26.360863 78.76043 -64.277534
447 -44.631657 -73.6232 -114.58765
448 null
449 null
450 372.29507 -461.27454 -93.33901
451 379.09146 -477.07095 -72.35259
452 379.37073 -491.566 -86.04691
453 286.6686 -482.31055 -135.50308
454 null
455 null
456 -52.076294 -139.8039 -109.03223
457 -30.761114 -113.333885 -130.78667
458 -23.063156 -143.76343 -132.01395
459 -46.751606 -175.4792 -106.34531
460 null
461 null
462 -1.7031683 -247.27803 -107.953255
463 null
464 null
465 -43.460327 190.30096 -82.1235
466 null
467 null
468 -37.00679 -237.81895 -91.22741
469 -77.56362 -218.26628 -57.098766
470 -48.49461 -205.40742 -94.7405
471 29.169012 -573.9113 -80.0058
472 null
473 null
474 -95.43334 -119.27167 -51.426666
475 -79.637276 -59.5278 -63.074524
476 -82.95074 -93.38648 -69.42667
477 -65.73 -135.205 -95.59
478 null
479 null
480 -74.29111 -167.96944 -79.98593
481 null
482 null
483 110.07913 -353.8401 -70.865555
484 55.927547 -354.67004 -56.93845
485 55.895966 -281.3246 -114.30621
486 375.71335 -554.11163 -77.666664
487 null
488 null
489 313.0059 -207.8329 -76.67234
490 null
491 null
492 -99.83083 297.12256 -89.4715
493 null
494 null
495 -71.95 -116.265 -88.75
496 null
497 null
498 -72.18 -126.725 -88.63
499 null
500 null
501 -87.402596 -140.77242 -65.29099
502 null
503 null
504 284.6815 -281.57535 -67.71519
505 null
506 null
507 -83.6635 358.4507 -49.68568
508 null
509 null
510 -66.6516 -3.0727777 -57.35202
511 null
512 null
513 -76.99 -107.405 -81.71
514 null
515 null
516 377.1367 -567.38165 -67.3574
517 null
518 null
519 388.54492 -507.02408 -51.473003
520 null
521 null
522 379.35342 -453.16394 -54.451355
523 null
524 null
525 323.1946 -243.30281 -47.793213
526 343.08813 -282.9119 3.195802
527 315.7415 -296.2059 -31.91284
528 365.56738 -198.72388 -20.900002
529 344.29834 -191.52716 -49.97218
530 384.135 -175.64424 2.8244445
531 -40.483322 -330.6877 -23.00029
532 null
533 null
534 24.594734 -432.33707 -28.3314
535 6.048765 -382.135 -22.307037
536 12.195556 -348.51404 -44.012466
537 385.34323 -555.89984 -48.834446
538 null
539 null
540 -92.969635 -552.3632 -50.90662
541 null
542 null
543 11.492921 -729.0524 -39.074814
544 null
545 null
546 328.15604 -151.01685 -80.31506
547 null
548 null
549 -65.69111 178.33907 -23.638887
550 -68.01272 190.73735 -52.09482
551 -36.32037 154.21094 -29.480371
552 -94.12555 -156.41179 -50.940495
553 null
554 null
555 -25.563334 -591.4284 -58.559998
556 null
557 null
558 -62.202717 -546.7504 -86.513824
559 -42.399136 -527.3813 -73.05436
560 -51.755802 -569.4498 -122.93543
561 -12.647243 -725.42523 -72.28
562 null
563 null
564 378.31223 -579.95166 -55.313335
565 null
566 null
567 383.5947 -423.23685 -32.736546
568 null
569 null
570 -79.22889 -31.909445 -51.11
571 -93.02481 -33.74648 -20.150002
572 -72.003204 17.108086 -34.61136
573 -65.34482 -478.53928 -31.626379
574 null
575 null
576 388.80215 -572.07935 -2.633168
577 null
578 null
579 398.1346 -519.0456 -24.941483
580 406.08408 -505.21292 10.773952
581 398.25558 -548.31244 -9.504815
582 328.03 -347.5453 -44.13683
583 309.6984 -384.166 -67.42926
584 296.81235 -341.72934 -61.93506
585 -25.92 -600.855 -49.64
586 null
587 null
588 -16.12 -596.465 -49.59
589 null
590 null
591 -125.502594 -582.7224 23.945185
592 -111.071236 -575.80975 -26.131235
593 -121.81925 -605.8465 15.347778
594 -52.790863 -710.2747 -61.79173
595 -35.330494 -721.90845 -46.07074
596 -72.57633 -680.77924 -3.4006732
597 -103.9863 -111.56907 -29.253334
598 null
599 null
600 -119.25408 -150.76796 18.925926
601 -102.885895 -191.38676 -23.316832
602 -122.16111 -176.58278 42.67963
603 -21.43 -605.285 -42.51
604 null
605 null
606 -20.783703 -728.01904 -3.5937042
607 37.088272 -729.1364 -17.75321
608 26.497736 -737.38324 21.178602
609 110.295555 -628.2664 5.8525925
610 116.87893 -668.8791 38.59856
611 74.18065 -707.20996 4.9289165
612 368.1538 -123.94956 -33.743336
613 null
614 null
615 -37.32506 119.45371 -25.504198
616 null
617 null
618 -94.61271 -226.27425 -26.935926
619 -87.850655 -256.75034 -20.275843
620 -103.147896 -244.86104 7.691482
621 -66.40148 -296.14908 -24.464445
622 null
623 null
624 -115.333046 -534.32153 -6.3389297
625 null
626 null
627 -100.52555 -465.25537 -10.724444
628 -114.89889 -502.80466 -5.474074
629 -125.46234 -493.51364 20.803827
630 404.30737 -454.68423 2.2833328
631 null
632 null
633 385.6138 -81.455376 32.353825
634 376.31076 -87.44537 -7.213333
635 375.15518 -43.761135 33.858067
636 -85.1911 14.779651 -2.1003292
637 null
638 null
639 -108.79642 -66.83615 9.430617
640 -108.86753 -95.80784 -8.970494
641 -114.49999 -131.15413 0.7501233
642 -111.986176 -633.64136 7.980905
643 null
644 null
645 387.00952 -140.93512 6.35
646 null
647 null
648 -109.24235 -451.3898 8.1872835
649 null
650 null
651 -42.63889 -699.55743 17.227285
652 null
653 null
654 383.39407 -209.19438 17.244444
655 null
656 null
657 -76.39741 -306.28836 7.81679
658 null
659 null
660 345.57004 -328.81265 -1.9241978
661 null
662 null
663 370.27426 -259.2831 34.146175
664 null
665 null
666 -59.323334 -362.42313 48.027035
667 -74.130035 -333.16943 60.103622
668 -60.239216 -349.91873 25.799711
669 402.14185 -565.06464 32.884075
670 409.47778 -563.4471 66.39125
671 391.96445 -580.5195 23.145185
672 395.4463 -123.955376 54.925556
673 391.1974 -122.02389 27.76
674 391.84433 -95.46796 67.94592
675 -60.30518 119.612404 45.485554
676 -54.584076 118.362404 23.16926
677 -75.15967 65.67007 36.337902
678 410.75964 -480.63388 48.822964
679 410.34668 -504.3583 36.733334
680 412.4612 -438.06436 46.55728
681 365.7985 -336.4735 51.542965
682 354.40372 -310.3286 44.64012
683 362.23 -324.44995 77.445435
684 394.70667 -162.5966 39.29111
685 null
686 null
687 -121.955666 -127.59896 87.061226
688 -109.7363 -80.915245 117.9284
689 -119.86581 -102.24008 59.623196
690 -115.45704 -216.6671 31.963457
691 null
692 null
693 -105.52313 -428.14417 47.938274
694 null
695 null
696 -124.35987 -473.38217 51.58494
697 null
698 null
699 -67.224525 -677.1467 31.95469
700 null
701 null
702 390.54965 -210.16351 40.57037
703 null
704 null
705 -96.582466 6.0830245 43.449875
706 null
707 null
708 -107.90806 -35.104755 44.811977
709 null
710 null
711 -118.07654 -617.8767 46.850494
712 null
713 null
714 412.97543 -524.41675 53.388027
715 null
716 null
717 -98.05563 -286.00174 67.36758
718 null
719 null
720 -128.10951 -511.4103 50.402714
721 -125.09259 -547.26465 59.046665
722 -125.85778 -517.3633 71.1479
723 -98.35778 -654.3068 45.854816
724 null
725 null
726 355.60742 14.4791975 107.08025
727 367.67334 -14.428332 90.72666
728 364.51352 -5.237551 61.5956
729 -124.95815 -577.47577 52.028027
730 null
731 null
732 388.18936 -246.38872 74.32568
733 null
734 null
735 384.4878 -65.62784 58.419632
736 null
737 null
738 -83.16556 48.145 47.75778
739 -91.829994 25.061666 61.68556
740 -83.35704 50.487595 74.67704
741 415.3888 -493.97818 81.552216
742 null
743 null
744 399.0168 -181.86401 84.79803
745 397.2841 -127.50759 75.2063
746 398.00662 -136.33759 106.13
747 -69.593864 102.22488 89.04313
748 null
749 null
750 -102.674446 -11.489074 66.21259
751 -113.35198 -55.29549 62.017406
752 -106.49296 -34.030552 95.35482
753 -123.06156 -176.75227 64.750206
754 null
755 null
756 -117.32556 -224.28192 68.92147
757 null
758 null
759 -85.138885 -666.3554 80.51963
760 -107.38494 -627.3321 95.58972
761 -75.37444 -674.06055 65.01444
762 378.64468 -290.12302 113.56605
763 null
764 null
765 317.21777 130.01056 52.074444
766 323.71 118.797585 73.51444
767 331.2421 89.06364 75.28235
768 321.75375 161.43486 49.63573
769 329.55814 186.30882 4.4620986
770 335.56924 199.42908 44.31074
771 343.70175 227.04182 65.504814
772 null
773 null
774 53.95041 452.63376 53.88107
775 null
776 null
777 -111.85482 -441.72034 89.459595
778 -86.35508 -384.38528 120.91434
779 -95.238884 -406.72946 74.55926
780 389.17947 -86.172325 94.93922
781 null
782 null
783 334.95407 200.20229 138.6016
784 340.06787 232.14424 105.90872
785 335.7957 264.98807 149.53554
786 349.59085 273.46823 80.14815
787 null
788 null
789 2.488889 460.1628 70.70333
790 null
791 null
792 -101.562965 -276.90274 113.99408
793 -110.20889 -243.98277 111.69333
794 -109.16445 -256.1287 88.94741
795 -119.19458 -536.4892 101.87076
796 null
797 null
798 -122.60221 -582.4695 78.342224
799 null
800 null
801 25.294075 -736.6108 151.45001
802 -35.400578 -696.5374 119.78897
803 -4.8895884 -721.9157 106.057495
804 327.12827 138.40002 110.68357
805 null
806 null
807 -94.77509 6.7752876 98.56432
808 null
809 null
810 -71.1942 -673.1551 110.37876
811 null
812 null
813 375.92065 -332.0259 118.59193
814 null
815 null
816 395.70605 -196.95796 146.73198
817 396.44998 -231.045 130.69333
818 396.69534 -223.70746 108.06078
819 -22.596748 454.51352 117.29974
820 -18.0483 450.5784 145.55476
821 28.459219 469.19876 107.29221
822 -105.60992 -44.624634 110.43514
823 null
824 null
825 -115.53531 -207.26341 109.718506
826 null
827 null
828 44.815556 -743.7158 91.83655
829 null
830 null
831 94.94556 -725.98724 61.357777
832 91.898895 -731.81964 85.02876
833 57.700123 -739.72705 59.593456
834 133.73412 -706.9831 109.81132
835 null
836 null
837 338.96933 58.754944 116.64133
838 null
839 null
840 342.76828 324.44437 108.23283
841 null
842 null
843 87.98704 -736.51685 113.38444
844 null
845 null
846 368.82187 -26.950556 116.51444
847 null
848 null
849 341.38455 293.45535 117.671104
850 null
851 null
852 392.5591 -134.27466 141.04988
853 null
854 null
855 382.29703 -75.20994 129.21617
856 368.854 -84.55784 174.34375
857 382.44223 -98.91278 154.4478
858 -64.48078 135.04182 127.97992
859 null
860 null
861 -73.97358 52.66339 136.39728
862 -69.68 82.080925 119.46259
863 -84.979256 31.200186 118.09667
864 -112.40284 -136.03047 128.40645
865 null
866 null
867 -77.04074 -346.3033 105.585266
868 null
869 null
870 47.225185 -743.67847 121.71987
871 null
872 null
873 335.79443 357.49442 121.05247
874 328.79443 397.31833 109.41333
875 321.18192 407.09586 138.47308
876 -103.63407 -144.86426 151.58136
877 -114.62592 -182.44835 124.15333
878 -103.751854 -199.53575 152.05223
879 -86.09667 -318.16833 124.863335
880 -94.34951 -286.855 136.38568
881 -89.93494 -311.0334 107.902466
882 -104.762596 -605.5952 152.02766
883 null
884 null
885 418.30212 -536.42896 138.99687
886 null
887 null
888 350.92355 -8.126523 153.54268
889 347.91 21.481667 134.67667
890 337.2341 41.407593 147.64
891 322.4237 132.65056 148.89357
892 null
893 null
894 -104.70272 -242.34326 136.15086
895 null
896 null
897 -111.84951 -466.6235 129.33704
898 null
899 null
900 86.410736 -736.64886 151.23555
901 null
902 null
903 137.32864 -712.58673 139.01715
904 null
905 null
906 418.2841 -477.94327 137.32234
907 412.07394 -442.0082 165.12209
908 413.8571 -482.8411 180.91243
909 413.27805 -428.46463 124.84382
910 414.59653 -422.97156 80.21111
911 408.03333 -400.74942 102.74371
912 381.51987 -281.09995 152.7842
913 null
914 null
915 -62.258396 430.10782 133.11186
916 null
917 null
918 -89.74334 -17.895742 141.96
919 -68.35037 -0.27314806 173.29926
920 -67.77766 27.994135 163.56752
921 -87.55334 -378.90942 152.50334
922 -80.60703 -354.67993 169.03975
923 -80.21518 -328.7119 146.99554
924 -114.24395 -545.2593 155.65617
925 -114.21938 -520.2226 137.10667
926 -115.188896 -574.89166 135.2774
927 -87.498146 -648.0661 148.67555
928 -72.46333 -668.7783 144.42667
929 -45.405697 -686.15625 153.27003
930 -97.08555 370.83945 131.81223
931 -97.85494 350.72095 147.6042
932 -88.36185 394.98166 137.89851
933 -97.47172 -412.71353 168.87665
934 null
935 null
936 -5.4446907 -717.477 151.04161
937 null
938 null
939 325.66556 162.28908 158.37889
940 319.16324 169.88463 182.43163
941 309.29 144.76833 196.40666
942 334.0758 297.63464 156.37073
943 null
944 null
945 294.30533 437.21362 171.34827
946 null
947 null
948 248.06084 468.9115 135.27638
949 null
950 null
951 202.93791 478.09586 144.93001
952 176.27777 478.4976 139.93074
953 169.10558 484.80835 163.36888
954 87.93531 482.15173 142.6721
955 null
956 null
957 39.84358 477.81894 138.4774
958 null
959 null
960 -109.23444 -461.67944 154.5389
961 -111.39518 -495.50906 160.21075
962 -107.922966 -470.64096 176.12184
963 412.10965 -573.3255 153.99779
964 null
965 null
966 381.90372 -327.2031 184.45811
967 null
968 null
969 319.8311 79.74537 168.28072
970 312.19592 118.77253 180.33308
971 293.77747 96.39855 213.08144
972 330.68335 216.4539 163.71815
973 null
974 null
975 326.4263 342.53748 175.08496
976 null
977 null
978 324.80728 383.655 157.65556
979 null
980 null
981 227.20667 474.72836 151.43
982 null
983 null
984 123.40729 488.70688 161.91039
985 null
986 null
987 -48.30716 87.037964 185.01161
988 -58.57494 130.10747 156.36037
989 -58.986668 87.04611 157.31665
990 -92.36358 -263.38574 160.39333
991 null
992 null
993 120.794075 -725.2642 164.10223
994 null
995 null
996 411.9091 -560.9143 185.46407
997 417.62778 -530.32837 173.48778
998 409.70386 -521.7063 220.39095
999 402.85632 -393.34415 142.08258
1000 388.9053 -350.6323 145.71136
1001 392.5389 -351.93723 166.1111
1002 383.27197 -129.66278 170.86223
1003 null
1004 null
1005 332.78223 -11.844383 191.32283
1006 347.93848 -69.805374 203.14087
1007 355.11557 -47.785004 177.41779
1008 250.48334 468.2617 158.62334
1009 null
1010 null
1011 229.93518 473.34903 168.31036
1012 null
1013 null
1014 -8.798518 -705.648 185.97408
1015 16.697283 -700.09894 236.60408
1016 -29.9086 -669.3342 225.84041
1017 48.38222 -738.52167 170.15999
1018 null
1019 null
1020 139.17 -714.9261 172.14333
1021 null
1022 null
1023 157.0389 -709.17316 169.33444
1024 null
1025 null
1026 392.95834 -608.9027 185.3112
1027 null
1028 null
1029 402.13904 -385.12277 170.59004
1030 396.10828 -366.8585 203.3258
1031 404.25912 -417.95273 198.00624
1032 376.5847 -273.08426 184.40941
1033 null
1034 null
1035 328.80112 275.93246 181.92668
1036 322.86444 260.2717 200.99815
1037 329.2622 244.89612 176.86702
1038 264.61368 455.67126 184.33205
1039 null
1040 null
1041 233.89 472.935 160.83
1042 null
1043 null
1044 227.82332 474.00833 185.65668
1045 198.80522 483.71582 174.54427
1046 236.13332 467.27426 210.16357
1047 40.3 495.18945 178.83604
1048 24.662018 508.06326 236.74847
1049 76.9558 502.76624 182.10555
1050 9.541193 471.34494 207.53912
1051 3.93 463.8994 169.20593
1052 -25.323332 440.5807 190.26112
1053 -74.656425 386.77808 190.15477
1054 null
1055 null
1056 -87.51658 -222.38368 180.32082
1057 null
1058 null
1059 39.625473 -725.95264 202.1607
1060 null
1061 null
1062 316.72888 30.99685 193.26964
1063 null
1064 null
1065 -46.31593 124.3345 191.16473
1066 null
1067 null
1068 -65.269585 -159.79614 207.01244
1069 -56.279263 -121.9224 211.55261
1070 -82.02346 -140.33168 186.57368
1071 -72.72308 -307.5989 189.44446
1072 null
1073 null
1074 -109.35773 -508.96558 197.86327
1075 null
1076 null
1077 24.68 -731.815 175.4
1078 null
1079 null
1080 34.2 -734.895 175.47
1081 null
1082 null
1083 131.48564 -717.08344 200.10777
1084 null
1085 null
1086 188.77716 -708.3647 162.2584
1087 null
1088 null
1089 377.072 -163.22943 194.65495
1090 null
1091 null
1092 321.86743 212.12538 190.33961
1093 null
1094 null
1095 111.793335 501.56168 186.21
1096 null
1097 null
1098 -40.47111 -43.93611 212.26222
1099 -18.688887 -41.450558 229.22888
1100 -61.21815 -29.244837 188.18762
1101 405.10852 -447.00452 234.08655
1102 406.15112 -484.32462 241.22072
1103 409.3384 -465.39417 214.85121
1104 302.75754 406.2649 205.07709
1105 null
1106 null
1107 -57.587406 154.00453 181.71779
1108 null
1109 null
1110 -87.96432 -383.52463 204.55244
1111 null
1112 null
1113 -99.11044 -433.08133 210.0467
1114 null
1115 null
1116 196.22961 -711.3476 201.1274
1117 null
1118 null
1119 396.0637 -585.8379 221.63033
1120 null
1121 null
1122 366.97693 -274.7135 218.57503
1123 377.79898 -221.33919 198.45923
1124 361.93076 -231.7376 226.82222
1125 357.9523 -116.086975 211.18791
1126 324.4059 -81.72883 235.52728
1127 327.09082 -124.99743 245.57733
1128 300.4244 161.73969 219.32423
1129 null
1130 null
1131 315.27716 292.6371 221.979
1132 null
1133 null
1134 160.36333 505.86475 213.70062
1135 null
1136 null
1137 17.042221 61.91389 257.05112
1138 -4.779259 61.556484 238.64964
1139 -20.48099 10.645 219.25105
1140 -39.56889 -237.37166 236.9915
1141 -66.69889 -252.73167 207.38335
1142 -58.827778 -290.86996 214.4516
1143 371.74 -630.322 211.19037
1144 380.8311 -615.6572 222.12
1145 338.8301 -655.1696 236.56506
1146 317.15353 -38.170223 224.59099
1147 null
1148 null
1149 314.96313 218.93684 210.5323
1150 null
1151 null
1152 136.57222 515.99945 224.36444
1153 131.47037 507.34573 204.52852
1154 106.80889 522.21277 224.88222
1155 -30.510122 -180.16583 239.39417
1156 null
1157 null
1158 284.56824 10.183024 236.56683
1159 274.95557 -33.767593 258.61813
1160 289.9833 -27.696112 246.17444
1161 284.631 124.93253 231.7257
1162 null
1163 null
1164 308.67258 363.2855 224.49236
1165 null
1166 null
1167 79.98135 531.59735 236.0365
1168 null
1169 null
1170 -76.056175 -358.2804 226.82013
1171 null
1172 null
1173 182.42223 -708.08856 221.51445
1174 222.04753 -700.2517 243.72722
1175 175.15356 -700.05536 248.97047
1176 400.47153 -562.4187 231.35889
1177 null
1178 null
1179 388.6569 -358.7933 250.56294
1180 380.65063 -324.8712 226.72557
1181 364.91702 -299.46646 253.90594
1182 315.91666 320.5428 219.28667
1183 null
1184 null
1185 194.45601 507.88217 269.78693
1186 199.54692 495.92017 229.9648
1187 174.40999 513.5761 243.02148
1188 -15.316955 442.80652 227.56145
1189 null
1190 null
1191 -53.10815 173.87721 225.82518
1192 null
1193 null
1194 118.85148 -702.68854 250.0147
1195 null
1196 null
1197 261.39926 70.76722 247.37184
1198 260.17075 46.89426 249.74963
1199 277.15445 62.353516 233.10852
1200 229.53865 470.80698 241.27641
1201 null
1202 null
1203 -39.490128 387.7539 245.00122
1204 null
1205 null
1206 -54.618885 357.8583 250.09111
1207 -68.7568 360.42502 223.0589
1208 -84.430244 310.21118 208.47876
1209 -37.636295 145.00587 230.05803
1210 null
1211 null
1212 -26.504692 -100.88142 232.75172
1213 null
1214 null
1215 -49.03889 -292.63022 236.06221
1216 null
1217 null
1218 63.15613 -707.4717 247.93884
1219 null
1220 null
1221 361.69925 -621.3344 248.36493
1222 null
1223 null
1224 357.76025 -189.95886 226.76399
1225 null
1226 null
1227 292.6056 314.97946 265.40634
1228 309.10037 322.18204 235.22444
1229 299.04074 343.57724 250.55629
1230 260.8143 434.76035 244.35999
1231 null
1232 null
1233 -10.598916 99.47931 243.3673
1234 null
1235 null
1236 -85.024445 -399.02722 253.08777
1237 -74.77222 -393.69626 268.0542
1238 -85.42222 -390.1687 241.61816
1239 384.629 -514.7446 279.261
1240 null
1241 null
1242 -32.060863 -271.01834 254.79631
1243 null
1244 null
1245 385.92813 -572.7654 256.35556
1246 null
1247 null
1248 332.87698 -254.031 269.37918
1249 null
1250 null
1251 322.0613 -159.421 256.6919
1252 310.68002 -193.97168 271.42667
1253 329.46194 -215.23303 260.4479
1254 258.0067 104.84965 257.31314
1255 null
1256 null
1257 280.50546 278.98868 280.30374
1258 null
1259 null
1260 146.80666 526.24316 252.85075
1261 null
1262 null
1263 18.374197 536.502 272.76566
1264 28.387777 540.16504 260.32224
1265 39.84889 535.0617 242.99666
1266 20.758642 -155.47365 270.71887
1267 -4.072634 -207.35191 262.8771
1268 39.814606 -195.6237 289.72403
1269 -46.56897 -312.5372 266.37802
1270 7.3285184 -290.8176 309.7474
1271 -15.21111 -281.21094 284.84778
1272 -68.260735 -346.0002 248.3022
1273 null
1274 null
1275 398.8658 -414.27783 246.58852
1276 null
1277 null
1278 264.56815 166.2379 279.95862
1279 null
1280 null
1281 -17.002592 424.2491 287.38782
1282 -18.545557 441.30835 265.0789
1283 -22.82 414.61316 254.80998
1284 335.05942 -590.31494 300.53348
1285 328.94348 -620.4297 282.679
1286 358.07047 -592.12994 280.54086
1287 88.91358 580.7583 322.93506
1288 62.975433 553.71265 268.5799
1289 54.359547 582.0331 315.30835
1290 16.8421 119.35364 289.6486
1291 null
1292 null
1293 -2.2382715 -249.15898 276.7889
1294 null
1295 null
1296 398.22665 -446.07724 264.56186
1297 384.0746 -417.89713 289.52615
1298 385.34628 -479.635 287.50443
1299 285.32556 226.57611 276.22
1300 285.4589 200.62611 266.43558
1301 299.2527 210.15855 243.07082
1302 237.1626 437.21762 299.54297
1303 248.07741 422.50943 282.72998
1304 233.5826 458.43613 280.2295
1305 -0.87773705 345.8757 315.34494
1306 -17.256584 398.4657 275.1052
1307 -23.003702 373.30872 277.13187
1308 -50.35716 -358.376 290.52383
1309 null
1310 null
1311 179.41968 -667.32513 296.31577
1312 null
1313 null
1314 305.6235 -223.59636 283.11307
1315 null
1316 null
1317 188.65704 517.635 296.61493
1318 null
1319 null
1320 6.1218514 510.30872 284.51395
1321 -6.47037 480.19467 285.80814
1322 -17.35391 457.59888 301.37088
1323 82.44753 -672.05133 290.5872
1324 18.325556 -617.2839 308.35974
1325 9.817943 -652.11615 282.02954
1326 309.5513 -649.55225 273.63272
1327 null
1328 null
1329 261.55557 198.71303 299.16382
1330 null
1331 null
1332 40.68395 95.88709 295.5201
1333 null
1334 null
1335 50.887985 37.748566 273.8304
1336 null
1337 null
1338 33.06741 309.01364 -341.11172
1339 null
1340 null
1341 4.99 339.855 -320.0
1342 null
1343 null
1344 -49.951855 -547.64386 288.7489
1345 -59.491108 -579.0124 266.58963
1346 -28.196915 -598.9511 287.24203
1347 144.45778 -663.5698 301.24258
1348 163.7274 -633.258 323.0059
1349 130.5509 -637.48267 318.3669
1350 5.03 340.975 -326.98
1351 null
1352 null
1353 361.8064 -492.7231 312.4805
1354 null
1355 null
1356 265.37665 236.14502 299.06998
1357 249.75494 244.12883 312.92322
1358 243.23999 209.50056 320.00333
1359 223.7727 468.92355 317.13025
1360 null
1361 null
1362 -13.643703 -337.87524 316.34222
1363 null
1364 null
1365 231.38702 -653.253 299.87988
1366 null
1367 null
1368 88.11259 -637.12946 316.95557
1369 102.57444 -632.61725 320.79776
1370 84.565186 -594.6643 338.00522
1371 291.0706 -610.9629 314.94788
1372 null
1373 null
1374 28.4 281.30685 -371.65
1375 27.560987 289.49167 -393.6836
1376 34.584076 307.7465 -371.71964
1377 -8.138024 424.61377 327.73273
1378 null
1379 null
1380 340.34927 -454.37155 334.32248
1381 337.08 -395.17722 337.42886
1382 316.89706 -435.6471 350.35828
1383 0.48814836 248.46576 -392.7236
1384 null
1385 null
1386 -33.14868 245.37456 -398.6825
1387 -21.50074 252.1787 -444.05704
1388 4.8992596 273.41574 -449.85556
1389 12.37428 336.72787 -424.24573
1390 null
1391 null
1392 215.94344 464.8395 352.87027
1393 217.5088 393.05234 349.06088
1394 230.49852 432.13724 322.66037
1395 8.489877 262.09747 -413.819
1396 null
1397 null
1398 -39.365295 266.0242 -456.12943
1399 null
1400 null
1401 -45.691563 328.9041 -433.0294
1402 -48.956665 324.8361 -475.56665
1403 -54.034565 291.66183 -471.21732
1404 19.188148 302.4967 -434.88184
1405 null
1406 null
1407 5.081728 296.7947 -473.29053
1408 5.524568 325.17093 -519.3152
1409 -1.1987653 339.25485 -493.71445
1410 -15.829999 349.73703 -464.1605
1411 null
1412 null
1413 -22.252962 272.83707 -494.96912
1414 null
1415 null
1416 -13.422757 283.18942 -526.7441
1417 -45.118603 318.48608 -512.4307
1418 -39.808765 289.4207 -540.405
1419 -4.625144 344.4105 -553.6209
1420 null
1421 null
1422 -11.9796295 291.53833 -602.8466
1423 -11.21572 288.8671 -563.05927
1424 -39.84745 300.614 -612.16693
1425 -41.393703 326.69446 -567.7468
1426 null
1427 null
1428 -57.02148 343.84573 -603.3489
1429 -39.33852 366.05057 -601.3426
1430 -54.99794 355.7441 -633.45636
1431 1.2555556 363.70425 -594.2022
1432 null
1433 null
1434 12.921481 345.61276 -589.373
1435 null
1436 null
1437 8.838642 311.7413 -613.0843
1438 null
1439 null
1440 20.02148 338.30167 -610.58185
1441 null
1442 null
1443 1.4165839 368.9172 -653.9628
1444 null
1445 null
1446 17.202223 349.7472 -628.2178
1447 null
1448 null
1449 -30.27037 343.68533 -688.1067
1450 -29.684937 319.96402 -651.9068
1451 -51.22642 350.73734 -685.9394
1452 -56.446293 356.35764 -667.5389
1453 -46.310123 383.78952 -662.3118
1454 -63.903576 373.77734 -690.7031
1455 -19.23062 416.82596 -694.15924
1456 null
1457 null
1458 2.0730865 359.71606 -743.06024
1459 12.761604 367.79166 -718.64276
1460 11.888888 370.91797 -699.23114
1461 -23.315308 343.3075 -712.71533
1462 null
1463 null
1464 -55.04568 421.68503 -710.2854
1465 null
1466 null
1467 -65.70654 359.45908 -727.54596
1468 null
1469 null
1470 -37.87148 344.5845 -745.01654
1471 null
1472 null
1473 -78.93457 413.31857 -739.52386
1474 null
1475 null
1476 14.976666 406.25168 -715.98
1477 null
1478 null
1479 2.8680246 427.06018 -744.0171
1480 null
1481 null
1482 32.27531 -711.9814 -170.16931
1483 13.321483 -684.38306 -218.00493
1484 23.084816 -674.18866 -188.91002
1485 317.7278 270.6745 -155.92851
1486 287.81332 307.78842 -166.86963
1487 309.1041 305.2687 -148.76851
1488 -68.483086 -601.36865 -144.72124
1489 -92.03888 -642.99835 -117.40667
1490 -85.88172 -613.88995 -111.01209
1491 -54.142017 -720.81934 -140.41895
1492 -78.06667 -693.03534 -114.63184
1493 -82.342224 -694.4727 -133.31667
1494 224.80334 89.68389 -154.24333
1495 222.83827 106.885 -178.72716
1496 239.43816 111.23352 -152.74593
1497 239.21149 315.09943 -164.34557
1498 230.23299 345.05386 -138.2456
1499 252.47223 332.3591 -150.72002
1500 311.09073 315.58322 -124.41613
1501 null
1502 null
1503 31.95 -705.665 -145.92
1504 null
1505 null
1506 34.74 -705.275 -145.79
1507 null
1508 null
1509 -29.49 -625.975 -146.7
1510 null
1511 null
1512 -16.54 -624.785 -146.63
1513 null
1514 null
1515 -71.26823 247.35832 -124.97263
1516 null
1517 null
1518 32.14 -701.685 -139.49
1519 null
1520 null
1521 -20.88 -620.445 -139.66
1522 null
1523 null
1524 251.35187 128.52092 -126.04889
1525 null
1526 null
1527 28.36 -702.005 -131.9
1528 null
1529 null
1530 -18.829546 -801.81934 -748.3943
1531 null
1532 null
1533 243.55653 -97.26574 -151.53358
1534 277.84433 -122.10834 -128.00815
1535 227.25409 -154.1945 -152.57887
1536 264.5795 -80.680305 -137.21826
1537 null
1538 null
1539 89.13309 293.97855 -161.68974
1540 88.50815 331.04312 -145.05
1541 111.94477 310.40176 -156.14699
1542 -24.099424 -728.3598 -109.6726
1543 null
1544 null
1545 371.0432 -649.2686 -740.1298
1546 314.9 -682.8528 -730.06635
1547 294.8879 -666.8337 -738.845
1548 223.54185 -208.93947 -136.87659
1549 null
1550 null
1551 314.0851 -86.97797 -96.31543
1552 null
1553 null
1554 285.26038 349.87476 -113.073586
1555 259.00034 369.45755 -87.15
1556 308.012 351.1434 -79.52951
1557 178.64803 363.90225 -126.235435
1558 null
1559 null
1560 111.24823 370.5421 -118.88342
1561 null
1562 null
1563 297.1647 -43.714996 -104.145805
1564 null
1565 null
1566 274.27786 164.09529 -91.28235
1567 null
1568 null
1569 224.17542 388.2749 -105.71334
1570 203.07555 360.17053 -130.82666
1571 180.41248 392.7902 -101.20419
1572 -87.944824 256.55832 -107.50457
1573 -99.225555 240.10832 -58.92185
1574 -107.812836 267.03055 -63.094074
1575 -86.997406 -643.11865 -91.31802
1576 null
1577 null
1578 -62.87724 -703.8133 -102.81222
1579 null
1580 null
1581 294.0096 -604.0657 -82.35926
1582 null
1583 null
1584 292.4492 15.252572 -86.99465
1585 null
1586 null
1587 285.52222 138.09279 -27.485556
1588 271.238 117.250305 -56.077778
1589 312.77444 201.46979 -83.06551
1590 328.48962 251.30952 -96.93888
1591 null
1592 null
1593 -38.33815 -2.7016666 -101.18038
1594 null
1595 null
1596 348.74203 -594.4839 -75.36308
1597 null
1598 null
1599 327.37222 305.3739 -97.380005
1600 null
1601 null
1602 70.66642 388.09695 -98.95852
1603 48.191113 403.8861 -78.80593
1604 85.89651 408.06607 -64.23568
1605 -80.38111 -578.5965 -91.66444
1606 null
1607 null
1608 142.79333 393.165 -96.926674
1609 null
1610 null
1611 -25.674444 43.266113 -89.20111
1612 null
1613 null
1614 316.83658 26.4764 -50.73579
1615 null
1616 null
1617 -84.39396 -661.6233 -54.96849
1618 null
1619 null
1620 336.3887 313.56592 -55.071396
1621 338.06332 285.97168 -70.753334
1622 329.98334 297.02612 -84.09333
1623 241.93404 392.61313 -62.03163
1624 null
1625 null
1626 128.43 398.085 -88.55
1627 null
1628 null
1629 -44.798023 36.89463 -66.19988
1630 -60.15889 46.932774 -34.98
1631 -60.405884 73.69779 -8.238889
1632 351.93185 -65.73463 -48.926296
1633 335.37 -50.52611 -67.55704
1634 348.08594 -35.53389 -42.096664
1635 345.88467 268.36597 -54.80778
1636 344.87112 233.70943 -46.315556
1637 337.77112 223.65388 -61.096172
1638 137.30444 404.95166 -78.48111
1639 null
1640 null
1641 127.48 402.435 -81.67
1642 null
1643 null
1644 117.32 401.745 -81.71
1645 null
1646 null
1647 358.71985 -67.00529 -31.741644
1648 null
1649 null
1650 172.42444 416.1328 -66.736664
1651 null
1652 null
1653 156.68 409.525 -74.54
1654 null
1655 null
1656 146.36 408.335 -74.54
1657 null
1658 null
1659 -93.69683 -608.0921 -58.040783
1660 -101.54111 -645.9554 -21.23568
1661 -111.79815 -607.508 -30.072226
1662 319.90915 345.9967 -46.254074
1663 null
1664 null
1665 157.98 413.845 -67.49
1666 null
1667 null
1668 151.02977 424.94614 -39.943085
1669 118.44186 419.62985 -42.793335
1670 98.58106 429.88724 -11.593074
1671 261.85742 -617.1932 -31.872223
1672 236.17174 -572.99774 -47.712467
1673 278.00497 -613.6272 -47.644817
1674 359.50073 -614.3405 -36.54815
1675 367.4359 -613.6887 -10.980741
1676 331.42825 -632.3206 -24.899384
1677 53.377655 426.44937 -22.787697
1678 null
1679 null
1680 -39.555553 423.54276 -17.538889
1681 4.63819 433.7061 -16.294527
1682 -42.836544 398.87894 -48.197903
1683 370.27933 -365.2231 -4.506996
1684 null
1685 null
1686 314.96017 169.78738 -16.781523
1687 null
1688 null
1689 197.26399 430.1401 -25.67391
1690 200.44371 439.16092 -2.5266669
1691 235.58443 413.11685 -26.045923
1692 -110.308525 292.4619 -37.18657
1693 null
1694 null
1695 346.46573 229.0711 -7.5042934
1696 null
1697 null
1698 283.76407 -636.5639 -12.341358
1699 null
1700 null
1701 341.98166 7.6643414 -23.183868
1702 null
1703 null
1704 354.45517 267.50983 2.2104933
1705 351.10507 290.30685 -23.681976
1706 348.89902 316.6266 5.435926
1707 321.87076 361.4559 2.6849384
1708 299.78223 374.765 -29.347778
1709 286.59 395.63052 -16.778889
1710 -99.35333 233.51872 -26.727777
1711 null
1712 null
1713 -79.79917 195.36688 -9.408601
1714 -81.70481 193.64351 23.638887
1715 -95.78223 221.51909 6.0074077
1716 210.88184 -604.4497 -19.837284
1717 null
1718 null
1719 257.3411 -670.8321 54.719257
1720 240.67375 -631.95874 1.5892595
1721 280.84146 -660.07794 24.613335
1722 316.57346 108.845245 20.473867
1723 null
1724 null
1725 -97.75482 366.71414 39.52901
1726 -73.01493 393.52402 -0.8135802
1727 -101.44666 347.79202 24.67074
1728 383.80652 -367.09848 16.201113
1729 404.6984 -418.6265 17.255432
1730 395.35025 -411.75546 -2.9911115
1731 -93.44877 355.55103 -11.340617
1732 null
1733 null
1734 302.8466 -651.1506 3.0853908
1735 null
1736 null
1737 337.81653 51.33031 16.966791
1738 353.51 21.989815 43.16333
1739 360.97803 -14.030269 12.736751
1740 248.51758 428.12463 0.2348973
1741 null
1742 null
1743 141.83333 442.61032 8.451852
1744 null
1745 null
1746 -115.298645 285.8455 -12.628518
1747 -111.94592 270.2913 36.70963
1748 -109.90283 310.43716 50.64247
1749 327.0259 377.755 43.759262
1750 293.5269 406.89163 9.968889
1751 312.60458 408.80017 45.776417
1752 -102.08383 236.61328 24.077078
1753 null
1754 null
1755 -29.42 -373.585 -6.77
1756 null
1757 null
1758 -50.286694 -407.74094 -1.334239
1759 null
1760 null
1761 355.4562 -632.102 18.763086
1762 null
1763 null
1764 65.85691 439.21143 16.066544
1765 null
1766 null
1767 -38.13687 435.17294 37.57992
1768 null
1769 null
1770 -109.815186 327.11166 6.3140736
1771 null
1772 null
1773 -72.60675 179.53181 38.673294
1774 null
1775 null
1776 186.83075 -618.3239 4.44074
1777 205.69368 -633.0539 16.654444
1778 155.8625 -632.6661 23.072634
1779 176.93452 449.76688 20.084364
1780 null
1781 null
1782 343.6184 217.21031 27.871851
1783 null
1784 null
1785 351.72513 257.32553 37.398518
1786 null
1787 null
1788 214.41493 -657.0944 48.458393
1789 null
1790 null
1791 266.5576 -698.8548 101.56736
1792 310.34207 -671.1989 52.036743
1793 315.14224 -690.11725 74.01222
1794 388.28287 -594.3977 47.178024
1795 null
1796 null
1797 409.74036 -410.30798 40.89333
1798 null
1799 null
1800 109.71819 448.34177 41.997158
1801 null
1802 null
1803 84.90296 -723.8068 35.59222
1804 null
1805 null
1806 393.45398 -369.13028 50.52222
1807 null
1808 null
1809 338.1793 65.335365 50.60642
1810 null
1811 null
1812 9.349465 -737.9487 61.829876
1813 -2.7066662 -729.45264 79.94235
1814 -31.40716 -696.20966 55.151478
1815 350.6726 315.37057 43.181477
1816 345.2911 332.29745 79.4963
1817 350.37222 302.48166 63.512222
1818 338.87558 351.57736 48.421978
1819 null
1820 null
1821 239.3156 455.92148 50.396214
1822 232.48529 469.92932 97.58703
1823 273.11206 454.82544 89.502014
1824 138.40999 458.54834 62.186665
1825 166.51964 459.9335 51.634075
1826 131.75777 453.85837 50.722218
1827 -17.767778 455.46945 69.08222
1828 -65.388275 427.4507 55.368183
1829 -20.00889 457.1161 86.11222
1830 161.06213 -676.1358 83.14185
1831 124.10099 -702.2857 74.02038
1832 148.83295 -661.19946 57.82815
1833 374.9662 -616.237 64.325554
1834 null
1835 null
1836 403.58716 -382.8585 71.61605
1837 null
1838 null
1839 347.2778 43.944996 76.8616
1840 null
1841 null
1842 102.89947 471.2804 117.08988
1843 139.18445 464.32797 82.845924
1844 90.75457 455.4346 71.42457
1845 -96.79667 379.19946 59.87
1846 -107.48086 326.3842 76.734436
1847 -94.352715 389.55228 79.44556
1848 215.15666 -674.81055 76.666664
1849 null
1850 null
1851 394.83902 -609.96313 129.34926
1852 360.1035 -648.477 95.98773
1853 409.6403 -579.36676 107.2084
1854 335.87033 373.09604 91.19041
1855 null
1856 null
1857 305.5811 427.67575 70.56851
1858 null
1859 null
1860 172.04518 466.76685 73.67741
1861 null
1862 null
1863 -100.17618 240.06535 83.41519
1864 null
1865 null
1866 -65.000374 154.11316 73.18519
1867 -71.091484 170.17574 92.47852
1868 -77.34766 184.50427 70.508644
1869 246.87334 -681.3372 76.876656
1870 null
1871 null
1872 -64.00745 432.25757 85.07604
1873 null
1874 null
1875 -105.48453 306.85596 109.734406
1876 null
1877 null
1878 419.35593 -465.7828 105.03482
1879 null
1880 null
1881 194.802 472.3455 107.71707
1882 null
1883 null
1884 202.34666 -698.21313 124.83926
1885 222.82123 -690.9755 103.26111
1886 228.15001 -706.8691 137.96889
1887 351.83115 -670.95386 122.206665
1888 334.17813 -692.31 134.08308
1889 315.84555 -700.1905 110.55704
1890 416.95886 -510.9987 107.3689
1891 null
1892 null
1893 308.45032 428.44556 119.90937
1894 null
1895 null
1896 -102.578896 266.7828 100.781105
1897 -94.81725 232.58797 109.61343
1898 -101.05482 278.23843 122.064064
1899 -99.43097 373.0367 103.867744
1900 null
1901 null
1902 365.36996 -645.5823 132.70909
1903 null
1904 null
1905 61.99704 471.00424 113.19778
1906 null
1907 null
1908 -80.59778 191.90984 126.94309
1909 -67.34667 161.95168 136.65555
1910 -72.60333 177.58167 152.55333
1911 391.45224 -253.43205 138.32777
1912 null
1913 null
1914 142.44592 477.67502 136.1837
1915 null
1916 null
1917 -91.7367 234.1992 144.5686
1918 null
1919 null
1920 -106.24334 -108.452034 139.33221
1921 null
1922 null
1923 265.13 -711.4594 136.83443
1924 null
1925 null
1926 227.4751 -713.43 176.16194
1927 295.52652 -709.4607 148.14667
1928 291.39224 -708.4019 178.77522
1929 340.6904 -681.6572 155.52647
1930 null
1931 null
1932 390.23828 -225.3813 164.42902
1933 null
1934 null
1935 -89.05518 245.60576 171.51445
1936 -88.860374 263.1439 184.3811
1937 -100.70892 312.30237 154.40263
1938 403.97 -596.995 149.32
1939 null
1940 null
1941 -84.20749 -98.4436 175.36198
1942 null
1943 null
1944 390.21667 -618.0883 160.98334
1945 null
1946 null
1947 394.62 -612.075 156.29
1948 null
1949 null
1950 398.77 -605.585 156.29
1951 null
1952 null
1953 400.4878 -601.37384 168.69556
1954 null
1955 null
1956 347.25552 -664.6162 197.38976
1957 null
1958 null
1959 390.24704 -167.75092 165.55408
1960 null
1961 null
1962 -48.3058 -679.69244 173.18227
1963 null
1964 null
1965 -89.60764 344.36264 183.45384
1966 null
1967 null
1968 -74.41773 211.97302 194.7661
1969 null
1970 null
1971 -57.909634 57.007587 171.06816
1972 null
1973 null
1974 -86.87333 -635.4217 175.54222
1975 null
1976 null
1977 15.41 -729.175 168.85
1978 null
1979 null
1980 -97.18964 -542.48126 222.50926
1981 -106.15481 -556.60596 192.9563
1982 -79.13111 -583.13226 235.32202
1983 305.24557 -683.42316 236.7531
1984 279.04117 -679.86444 256.42737
1985 305.45764 -698.1661 203.52324
1986 -87.15259 -610.1503 202.25197
1987 null
1988 null
1989 -50.17716 -665.3686 201.87852
1990 null
1991 null
1992 242.46419 -711.22485 206.61049
1993 null
1994 null
1995 -81.55778 -631.44055 193.4878
1996 null
1997 null
1998 -40.28593 44.35167 199.42592
1999 null
2000 null
2001 -67.44778 -640.84204 208.67297
2002 null
2003 null
2004 -77.90888 277.85782 221.10124
2005 null
2006 null
2007 -58.04222 230.8161 241.44
2008 -70.21441 259.7882 231.77147
2009 -56.497406 202.68068 236.26518
2010 -79.71334 -466.62463 265.60593
2011 -99.5267 -463.85788 231.39827
2012 -73.0897 -520.6678 265.5217
2013 -52.751934 -626.6004 242.87495
2014 null
2015 null
2016 295.2589 397.56613 235.35445
2017 280.7911 414.9039 242.14778
2018 286.89334 390.235 253.31667
2019 289.62 414.12833 228.94
2020 null
2021 null
2022 -35.773705 165.77428 256.27557
2023 null
2024 null
2025 -82.640495 -430.94785 261.34296
2026 null
2027 null
2028 283.8187 -121.64353 274.31763
2029 null
2030 null
2031 -58.191113 285.36884 259.868
2032 null
2033 null
2034 369.89307 -329.1334 275.53146
2035 null
2036 null
2037 -45.716663 329.19995 273.34555
2038 null
2039 null
2040 -30.067408 215.37202 282.26184
2041 -44.775555 211.75871 260.1737
2042 -13.409794 173.41917 289.95737
2043 23.291975 22.63253 251.37085
2044 null
2045 null
2046 382.45947 -368.14127 277.72598
2047 null
2048 null
2049 -47.28062 265.9408 272.73355
2050 null
2051 null
2052 -18.072222 140.92168 263.82666
2053 null
2054 null
2055 324.0289 -283.65427 302.48557
2056 337.71036 -275.92313 281.07925
2057 299.18777 -275.10645 315.75156
2058 273.87085 362.67343 282.0918
2059 null
2060 null
2061 -63.995556 -477.47836 284.43777
2062 null
2063 null
2064 9.708889 279.35056 341.98557
2065 -25.662125 305.30093 303.81833
2066 -14.220782 235.74019 307.12085
2067 250.83592 392.42996 296.82074
2068 null
2069 null
2070 -58.122223 -454.64612 293.82224
2071 null
2072 null
2073 345.52405 -319.95117 303.95728
2074 null
2075 null
2076 -6.030494 -422.7828 336.42764
2077 -44.967804 -414.0399 306.6555
2078 -33.54362 -454.48672 317.03128
2079 241.90283 288.52573 331.73926
2080 267.80185 312.61313 299.30258
2081 241.59346 325.90573 329.7837
2082 -32.49704 -510.59232 312.47183
2083 null
2084 null
2085 235.90112 -629.4598 318.10336
2086 267.48087 -589.18774 332.655
2087 233.10736 -585.8425 342.3488
2088 354.65414 -382.0809 319.9246
2089 null
2090 null
2091 87.70889 138.3361 359.09964
2092 53.13901 140.58264 336.50198
2093 66.95556 99.277466 323.0521
2094 36.985798 173.24303 337.50693
2095 43.82111 203.4461 357.01816
2096 11.472222 217.28056 329.71225
2097 232.8689 247.84723 332.1311
2098 null
2099 null
2100 15.7266655 372.40317 379.79776
2101 9.85716 394.33017 348.33716
2102 18.125557 356.4176 354.54333
2103 218.84308 349.17807 354.97446
2104 null
2105 null
2106 181.2304 282.9191 411.88184
2107 173.68666 244.61314 407.41074
2108 204.9638 269.41315 375.0314
2109 -15.318272 460.7434 365.0957
2110 null
2111 null
2112 50.324116 238.93549 377.82715
2113 null
2114 null
2115 22.90716 322.4189 360.49634
2116 null
2117 null
2118 28.641481 287.49942 361.85852
2119 null
2120 null
2121 -74.278404 394.91772 -753.2148
2122 null
2123 null
2124 206.70703 426.2627 377.26938
2125 null
2126 null
2127 4.019506 419.74426 383.76913
2128 null
2129 null
2130 94.52255 173.6568 376.28012
2131 null
2132 null
2133 -32.273705 454.15018 -748.49927
2134 null
2135 null
2136 4.8488903 397.80725 -758.8711
2137 null
2138 null
2139 -60.00333 353.56836 -759.0867
2140 null
2141 null
2142 177.46716 325.23672 435.9373
2143 195.8827 350.42612 405.31058
2144 184.11823 374.10623 441.3508
2145 -73.60037 435.37833 -748.3907
2146 null
2147 null
2148 108.96679 269.8669 459.89908
2149 57.648518 302.06845 442.64124
2150 47.183456 283.52502 402.12915
2151 -46.7 350.755 -764.18
2152 null
2153 null
2154 187.99335 310.54684 408.7731
2155 null
2156 null
2157 288.26187 178.37117 -519.9847
2158 null
2159 null
2160 302.25427 110.32883 -528.1335
2161 null
2162 null
2163 11.747037 386.69498 397.71964
2164 null
2165 null
2166 200.02112 409.0753 401.6476
2167 null
2168 null
2169 266.2007 141.47438 -557.18463
2170 null
2171 null
2172 26.54889 355.63278 438.05444
2173 15.998519 373.5187 419.47
2174 33.303486 324.06354 410.48373
2175 91.42704 220.76463 408.3496
2176 125.63703 190.9966 396.9325
2177 118.91901 228.5539 426.49515
2178 313.17215 163.23216 -584.38336
2179 334.92322 116.969696 -574.20856
2180 340.53442 116.92339 -604.48346
2181 319.49927 161.15942 -551.7934
2182 null
2183 null
2184 327.58072 94.914635 -563.4711
2185 null
2186 null
2187 266.57803 142.64879 -606.74884
2188 289.2294 86.86129 -565.28827
2189 266.84543 112.5234 -574.64136
2190 154.05913 241.22382 425.87204
2191 null
2192 null
2193 288.08102 82.056404 -595.75903
2194 292.0189 83.871666 -624.0278
2195 318.09396 79.800316 -607.6001
2196 272.38736 126.93467 -648.0898
2197 307.71518 164.27264 -640.0496
2198 270.16812 163.28502 -689.4545
2199 333.0361 118.211 -640.5689
2200 null
2201 null
2202 163.1732 294.74512 446.79395
2203 null
2204 null
2205 314.0652 105.58389 -662.19
2206 null
2207 null
2208 271.85062 120.12389 -735.8859
2209 298.45837 106.87467 -715.0075
2210 288.58408 114.05044 -680.9665
2211 344.619 142.3548 -695.0245
2212 null
2213 null
2214 287.41782 181.67055 -690.5122
2215 null
2216 null
2217 323.988 196.37392 -713.4827
2218 null
2219 null
2220 307.27234 211.83894 -740.86237
2221 259.57962 156.38435 -732.52374
2222 286.51 198.29057 -717.0778
2223 348.21667 171.80833 -700.0044
2224 null
2225 null
2226 340.37 184.935 -702.45
2227 null
2228 null
2229 345.07224 181.87834 -721.19556
2230 null
2231 null
2232 348.97 176.625 -706.58
2233 null
2234 null
2235 349.76 175.075 -713.37
2236 null
2237 null
2238 313.1889 108.207954 -740.87994
2239 null
2240 null
2241 281.82333 124.11759 -754.89154
2242 null
2243 null
2244 -81.95334 -686.1194 -207.3011
2245 null
2246 null
2247 54.501194 326.60074 462.6827
2248 null
2249 null
2250 129.1189 300.6904 483.16122
2251 null
2252 null
2253 27.835472 -738.2464 -233.21289
2254 null
2255 null
2256 -1.9464201 -698.2502 -254.50777
2257 -36.620365 -693.47906 -265.4437
2258 -13.932223 -682.0506 -245.17334
2259 -33.116913 -721.4078 -293.61234
2260 null
2261 null
2262 27.968672 -762.76196 -279.45224
2263 null
2264 null
2265 -0.78 -746.49274 -329.0778
2266 -32.389053 -739.1744 -316.13553
2267 12.931111 -743.7735 -315.11594
2268 14.501358 -784.358 -365.04102
2269 26.235926 -785.6893 -320.391
2270 11.090617 -829.7308 -338.1343
2271 20.972223 -821.57056 -305.15222
2272 null
2273 null
2274 -53.941113 -827.58276 -338.14774
2275 -39.387287 -844.49384 -371.40295
2276 -21.19111 -844.1762 -330.50778
2277 -47.899998 -767.73016 -361.05112
2278 null
2279 null
2280 -13.900371 -764.87823 -361.66574
2281 null
2282 null
2283 -58.160862 -797.4091 -377.64926
2284 null
2285 null
2286 2.3607407 -794.44727 -405.8899
2287 -47.84778 -809.19586 -421.30014
2288 -25.417778 -776.081 -389.12936
2289 12.944652 -828.2056 -382.69922
2290 null
2291 null
2292 -22.046173 -862.8547 -411.2592
2293 null
2294 null
2295 -48.664444 -845.3702 -406.94034
2296 null
2297 null
2298 10.080741 -824.1617 -419.62964
2299 null
2300 null
2301 -27.467407 -795.0782 -434.94382
2302 null
2303 null
2304 2.4476955 -831.4786 -446.14075
2305 -9.765679 -866.55426 -437.69406
2306 2.6044443 -859.06616 -463.5922
2307 -42.410698 -820.1497 -469.3898
2308 null
2309 null
2310 -37.51 -863.9116 -444.93002
2311 null
2312 null
2313 -41.164444 -857.9039 -456.50668
2314 null
2315 null
2316 -45.71654 -858.8926 -508.6221
2317 -22.347778 -886.1294 -496.89334
2318 -21.47811 -873.9858 -476.97824
2319 2.9983127 -852.0479 -497.08945
2320 null
2321 null
2322 0.89802456 -828.84064 -547.8387
2323 -6.672222 -821.8216 -520.60736
2324 11.947408 -852.8658 -537.1015
2325 -39.76111 -822.522 -553.9178
2326 null
2327 null
2328 -41.682346 -883.8924 -538.8073
2329 null
2330 null
2331 -6.2362137 -896.4174 -554.5706
2332 null
2333 null
2334 -63.07272 -855.1141 -562.8687
2335 null
2336 null
2337 16.818888 -851.8776 -569.8759
2338 null
2339 null
2340 17.536667 -880.70605 -570.7844
2341 null
2342 null
2343 -21.554571 -909.48016 -608.11035
2344 -57.694447 -884.1316 -580.3811
2345 -50.852222 -890.8028 -613.18555
2346 2.9333334 -827.4551 -584.14886
2347 null
2348 null
2349 -0.32629654 -829.9805 -619.09186
2350 -22.825554 -817.97797 -602.8593
2351 -7.7966666 -821.91943 -597.9422
2352 -48.513523 -830.2158 -612.5888
2353 null
2354 null
2355 6.9390125 -857.60736 -629.5874
2356 null
2357 null
2358 13.87 -892.315 -580.28
2359 null
2360 null
2361 13.71 -893.265 -587.26
2362 null
2363 null
2364 13.16 -893.325 -594.51
2365 null
2366 null
2367 5.734445 -896.1176 -608.91705
2368 null
2369 null
2370 -56.43778 -830.7783 -638.9778
2371 null
2372 null
2373 -52.2 -823.745 -636.95
2374 null
2375 null
2376 -44.05 -816.805 -639.14
2377 null
2378 null
2379 -4.80926 -885.7172 -631.8433
2380 null
2381 null
2382 -36.295803 -878.7038 -654.95135
2383 -59.935883 -850.8149 -668.4493
2384 -9.781811 -867.1778 -679.2845
2385 -35.624447 -811.1728 -660.2989
2386 -1.6730455 -811.96344 -701.072
2387 -56.465927 -801.99603 -697.7114
2388 -35.36 -814.095 -647.24
2389 null
2390 null
2391 -27.66 -814.925 -647.01
2392 null
2393 null
2394 -2.7533338 -826.6909 -657.37335
2395 null
2396 null
2397 -73.45367 -855.88776 -720.28204
2398 null
2399 null
2400 -82.13235 -835.1897 -751.50775
2401 -79.00778 -815.4505 -726.2778
2402 -64.142715 -785.37524 -746.1399
2403 16.122223 -842.92914 -720.0398
2404 null
2405 null
2406 302.75107 -571.62994 -336.62735
2407 null
2408 null
2409 348.19962 -582.6662 -348.11096
2410 null
2411 null
2412 287.86594 -606.4184 -353.90182
2413 null
2414 null
2415 309.5347 -590.28687 -378.397
2416 332.5211 -585.48236 -379.3678
2417 339.1744 -599.61523 -400.63632
2418 292.9115 -641.7783 -365.277
2419 null
2420 null
2421 346.3674 -622.5576 -427.6272
2422 null
2423 null
2424 307.81668 -671.2005 -418.3878
2425 327.02744 -679.2933 -399.72433
2426 299.739 -651.14746 -389.77597
2427 349.56274 -650.5257 -407.83084
2428 null
2429 null
2430 304.05185 -626.6143 -423.06778
2431 null
2432 null
2433 307.00977 -661.8847 -431.23502
2434 null
2435 null
2436 344.4141 -672.5124 -432.33188
2437 351.56665 -659.1528 -457.21225
2438 351.3104 -648.6945 -435.27136
2439 336.04605 -627.63715 -470.39468
2440 null
2441 null
2442 333.07797 -684.2781 -459.75864
2443 null
2444 null
2445 306.69888 -636.6828 -481.3311
2446 303.14722 -667.3034 -493.68253
2447 302.92 -664.55835 -469.54224
2448 326.8595 -636.1282 -512.89667
2449 null
2450 null
2451 356.17444 -694.445 -533.0967
2452 366.42 -661.988 -551.497
2453 359.42905 -654.9023 -525.49835
2454 355.3279 -677.34174 -507.82468
2455 null
2456 null
2457 342.48367 -700.0601 -494.95853
2458 null
2459 null
2460 315.1853 -697.22125 -510.9849
2461 302.94098 -671.3171 -535.6131
2462 337.49423 -714.022 -533.20197
2463 320.79163 -640.60394 -541.54987
2464 null
2465 null
2466 343.02817 -638.0139 -566.9008
2467 null
2468 null
2469 302.82333 -648.06647 -596.5437
2470 290.53726 -680.14264 -596.62775
2471 311.6569 -648.90533 -572.1098
2472 364.18008 -690.333 -570.19604
2473 null
2474 null
2475 353.9563 -716.655 -597.6643
2476 314.4327 -714.66315 -566.5129
2477 318.2174 -724.6176 -599.20184
2478 342.95496 -642.3461 -617.7791
2479 null
2480 null
2481 301.60718 -710.6307 -608.08875
2482 null
2483 null
2484 372.55704 -679.24536 -601.9937
2485 null
2486 null
2487 297.80774 -662.85297 -632.97656
2488 null
2489 null
2490 340.60263 -628.22723 -645.84814
2491 null
2492 null
2493 357.03442 -609.67206 -685.5948
2494 358.7666 -680.62476 -640.81995
2495 375.7048 -637.3251 -696.51025
2496 301.23892 -643.9286 -666.61285
2497 null
2498 null
2499 324.6378 -687.5983 -659.94037
2500 null
2501 null
2502 331.99445 -568.8316 -743.8445
2503 296.07556 -598.21466 -718.42944
2504 329.61334 -587.0444 -708.3552
2505 302.05283 -677.231 -706.1672
2506 null
2507 null
2508 285.3811 -643.822 -694.5289
2509 null
2510 null
2511 348.0671 -678.49164 -702.37897
2512 null
2513 null
2514 368.14014 -592.46564 -737.8748
2515 null
2516 null
2517 284.5009 -626.62555 -736.8794
2518 null
2519 null
2520 379.6722 -647.035 -723.01105
2521 null
2522 null
2523 181.45705 541.45905 347.74442
2524 128.86037 567.7024 326.93408
2525 161.02248 562.4263 360.0159
2526 28.500864 556.67163 284.19046
2527 null
2528 null
2529 -7.7580247 522.24286 330.92078
2530 null
2531 null
2532 -23.836668 494.43896 391.25443
2533 -25.935598 514.6905 428.6959
2534 -18.231565 525.11304 366.21878
2535 101.14095 593.2879 358.2723
2536 null
2537 null
2538 0.9825924 555.12866 320.35333
2539 -0.8037036 574.2349 338.9637
2540 23.296915 583.8826 323.0985
2541 53.510616 614.6951 369.30887
2542 null
2543 null
2544 -14.712222 475.90164 426.84293
2545 null
2546 null
2547 99.94556 616.1683 419.28592
2548 122.54444 596.9095 392.4984
2549 90.45703 612.8239 397.72998
2550 22.048517 604.79004 352.66272
2551 null
2552 null
2553 61.352962 489.39352 645.7204
2554 85.27259 503.54288 649.9471
2555 74.75889 530.63776 661.15424
2556 118.57544 612.7608 439.05887
2557 null
2558 null
2559 48.79111 649.9809 438.0704
2560 51.272415 631.18604 399.82822
2561 10.716666 655.86426 409.54074
2562 -34.60852 541.2517 451.92
2563 -28.229261 516.28937 456.56778
2564 -35.48395 519.8609 497.808
2565 121.458855 524.15076 615.72754
2566 null
2567 null
2568 -7.117407 606.63666 377.17593
2569 null
2570 null
2571 8.0628805 484.03012 604.12134
2572 47.61 459.385 616.32
2573 48.93445 473.36948 629.2122
2574 116.57519 566.9509 615.918
2575 125.80222 583.8606 590.1511
2576 110.11678 628.0247 582.42206
2577 101.423164 647.7398 533.69336
2578 93.51527 634.232 470.4375
2579 81.20704 650.655 493.82373
2580 -33.84778 607.24945 398.53223
2581 -30.996048 583.45526 417.37198
2582 -45.43753 604.0842 440.1704
2583 32.495182 496.11008 640.0537
2584 null
2585 null
2586 105.96741 583.67944 627.79333
2587 null
2588 null
2589 -38.560658 571.9792 458.64603
2590 null
2591 null
2592 46.806713 536.3609 670.06
2593 null
2594 null
2595 29.116667 542.31274 673.8033
2596 6.4174066 539.58075 664.68384
2597 13.017407 513.13275 644.09406
2598 76.60313 582.92413 664.3584
2599 null
2600 null
2601 -48.05074 627.6103 405.22726
2602 null
2603 null
2604 -52.940784 542.7275 532.1931
2605 null
2606 null
2607 -67.20276 559.4102 610.0898
2608 -76.0116 574.1123 555.4685
2609 -37.114487 527.9808 603.85376
2610 -14.247777 500.4376 595.51337
2611 null
2612 null
2613 90.71616 662.10736 565.7214
2614 93.85815 626.4502 624.6538
2615 102.73556 629.77057 605.9022
2616 21.40177 682.23413 461.80728
2617 null
2618 null
2619 -20.752592 484.7661 542.1602
2620 -26.678146 500.5554 568.5489
2621 -44.541477 519.688 554.8304
2622 -11.305556 513.6772 622.18774
2623 null
2624 null
2625 -14.388394 677.2761 419.34097
2626 null
2627 null
2628 -25.272715 542.8139 646.3863
2629 null
2630 null
2631 56.96272 684.95184 538.17896
2632 null
2633 null
2634 -51.743702 605.5656 467.9216
2635 null
2636 null
2637 27.5283 575.6558 688.3035
2638 -32.44766 591.2619 686.97754
2639 -45.58502 570.82623 661.7867
2640 -71.97827 699.3558 399.2139
2641 -40.8279 704.91815 422.82022
2642 -67.81329 651.4633 401.99075
2643 -63.458515 593.21063 510.48886
2644 null
2645 null
2646 30.665308 625.91644 693.66473
2647 42.425552 601.9272 689.5967
2648 59.68617 626.7309 669.11725
2649 79.27618 666.3096 610.17426
2650 43.57753 684.9168 653.0737
2651 61.377407 672.0854 641.1086
2652 -97.80741 625.9373 456.00284
2653 null
2654 null
2655 11.593333 716.5955 521.7663
2656 25.127655 695.8528 506.5801
2657 11.3122225 706.5383 485.25272
2658 -88.22 604.5661 546.8589
2659 -99.58074 622.3488 547.9694
2660 -76.084076 619.82324 494.20297
2661 -129.70717 628.955 452.57358
2662 null
2663 null
2664 48.255886 654.82465 668.24054
2665 null
2666 null
2667 -11.746502 721.2203 466.51562
2668 null
2669 null
2670 -81.17 589.185 543.48
2671 null
2672 null
2673 -114.38937 681.7487 391.54578
2674 null
2675 null
2676 -86.13 588.465 555.42
2677 null
2678 null
2679 -181.48938 641.87335 477.56494
2680 -195.65704 652.05585 457.2111
2681 -146.38304 649.7222 414.44498
2682 -90.08 593.515 558.33
2683 null
2684 null
2685 -101.959625 601.0247 585.63947
2686 null
2687 null
2688 -80.22091 587.8498 641.21906
2689 -114.34843 625.08704 652.78754
2690 -113.81555 617.3867 603.53357
2691 -1.3718516 614.49414 701.9786
2692 null
2693 null
2694 22.977036 727.499 584.038
2695 3.6009881 731.9177 547.3675
2696 -6.9266667 747.0176 568.83295
2697 -48.266132 754.65753 434.4215
2698 null
2699 null
2700 -132.44568 629.68195 521.1247
2701 null
2702 null
2703 -101.03766 721.26587 392.26523
2704 null
2705 null
2706 24.39741 718.8609 635.00977
2707 null
2708 null
2709 -13.371975 750.0359 521.3941
2710 null
2711 null
2712 -63.714565 617.72894 690.0618
2713 null
2714 null
2715 -37.091152 650.17804 705.482
2716 null
2717 null
2718 -165.02419 685.8597 397.59924
2719 null
2720 null
2721 -173.88335 641.0544 515.79785
2722 null
2723 null
2724 -130.71477 639.0305 569.6507
2725 null
2726 null
2727 -185.02556 727.5639 393.05557
2728 -142.06403 767.3904 391.77005
2729 -139.53523 729.48895 389.12784
2730 -195.15062 703.6152 402.6581
2731 null
2732 null
2733 -25.369135 713.90204 698.862
2734 -18.117777 686.1247 706.47217
2735 8.815145 693.7085 682.51044
2736 -97.6511 764.7072 399.86594
2737 null
2738 null
2739 -9.341056 741.27386 645.5325
2740 null
2741 null
2742 -41.743515 794.13214 526.8877
2743 -23.986666 769.4261 488.83444
2744 -38.148396 787.04193 458.4895
2745 -100.59617 788.8392 404.42642
2746 null
2747 null
2748 -7.8288884 753.4695 605.9722
2749 -25.828026 770.1425 588.97955
2750 -19.413334 760.7005 634.0178
2751 -66.625885 814.5166 448.01443
2752 null
2753 null
2754 -222.92499 671.22876 458.7853
2755 null
2756 null
2757 -135.13554 646.7217 594.6211
2758 -169.58585 661.4218 639.7026
2759 -159.90334 653.0628 588.2789
2760 -73.81 674.15216 707.8906
2761 -134.09532 651.1567 677.6206
2762 -101.114815 648.0283 689.56854
2763 -116.41361 844.87067 440.8794
2764 -84.40222 815.5809 423.12814
2765 -130.19185 808.28265 407.75162
2766 -217.45111 696.3506 411.55222
2767 null
2768 null
2769 -188.25 659.11383 556.50446
2770 -202.8431 662.11475 537.5039
2771 -175.87334 647.47833 544.01666
2772 -215.88445 664.1561 510.34335
2773 null
2774 null
2775 -213.82445 755.8406 392.4248
2776 null
2777 null
2778 -241.79865 713.7723 414.64954
2779 null
2780 null
2781 -231.93 692.775 421.76
2782 null
2783 null
2784 -233.86 686.845 429.71
2785 null
2786 null
2787 -239.97 687.205 437.84
2788 null
2789 null
2790 -246.27998 688.5295 448.1211
2791 null
2792 null
2793 -62.208103 779.29364 691.4922
2794 -88.10482 751.9324 709.00116
2795 -55.32794 731.16046 702.62775
2796 -221.39 670.035 519.62
2797 null
2798 null
2799 -110.92516 702.5467 712.33984
2800 null
2801 null
2802 -31.305183 780.021 637.3089
2803 null
2804 null
2805 -64.62169 815.2488 603.91144
2806 null
2807 null
2808 -214.62666 808.0402 391.94373
2809 -165.56233 821.16113 409.8396
2810 -181.60667 787.90497 393.43335
2811 -266.52222 721.02094 431.19333
2812 -257.79428 697.25464 485.92688
2813 -279.94934 728.79315 464.36008
2814 -246.20831 687.826 535.3763
2815 null
2816 null
2817 -227.33333 676.2517 525.8733
2818 null
2819 null
2820 -179.81459 705.3061 715.63214
2821 -208.78667 711.1723 649.12134
2822 -183.69383 665.0369 676.15424
2823 -75.6105 833.3924 499.3143
2824 null
2825 null
2826 -47.684742 808.1232 660.6966
2827 null
2828 null
2829 -101.92333 852.0417 488.14664
2830 -94.01223 847.91016 501.23294
2831 -96.80334 843.8706 463.05594
2832 -267.31778 748.6911 409.38306
2833 null
2834 null
2835 -171.62383 668.6583 731.0716
2836 null
2837 null
2838 -257.04483 788.4092 385.11343
2839 null
2840 null
2841 -195.52148 663.96906 728.6941
2842 null
2843 null
2844 -145.43001 847.8472 437.9111
2845 -178.53099 869.38745 464.5404
2846 -130.21565 860.2437 467.3441
2847 -178.59337 852.19116 430.16153
2848 null
2849 null
2850 -53.767776 812.5054 697.597
2851 null
2852 null
2853 -154.45604 702.2271 735.36743
2854 null
2855 null
2856 -166.15247 743.2422 694.78204
2857 -134.86206 761.9517 705.8726
2858 -180.27666 778.15814 667.822
2859 -282.93936 736.666 497.96347
2860 null
2861 null
2862 -287.46667 817.3503 366.17285
2863 null
2864 null
2865 -355.1473 800.108 414.39255
2866 -311.13516 767.46826 412.65817
2867 -311.5696 765.4112 448.3876
2868 -87.9479 803.33075 722.9656
2869 null
2870 null
2871 -241.84492 842.5467 391.74765
2872 null
2873 null
2874 -76.59889 852.2602 741.52924
2875 -85.19333 832.6431 750.55145
2876 -63.89148 827.97125 718.4393
2877 -75.72877 845.7632 697.31964
2878 null
2879 null
2880 -324.66617 796.54663 375.0879
2881 null
2882 null
2883 -196.28001 684.9078 753.82056
2884 null
2885 null
2886 -174.68816 702.178 744.40405
2887 null
2888 null
2889 -165.14 712.385 737.64
2890 null
2891 null
2892 -209.47404 872.4904 447.07626
2893 -219.59001 869.3894 424.52112
2894 -250.04395 879.0301 454.21912
2895 -299.46 754.38605 475.7111
2896 null
2897 null
2898 -73.62802 826.7924 647.49146
2899 null
2900 null
2901 -120.295555 793.44385 715.7644
2902 null
2903 null
2904 -288.73807 885.1655 377.7065
2905 null
2906 null
2907 -297.1885 866.3088 358.681
2908 null
2909 null
2910 -342.30185 836.3132 334.51596
2911 -375.78372 834.93756 339.12112
2912 -344.9049 891.10785 341.61984
2913 -93.90432 825.9748 719.69604
2914 -109.291115 829.7205 667.3901
2915 -136.45982 809.4799 684.79956
2916 -126.51667 802.58496 723.95996
2917 null
2918 null
2919 -112.67667 806.10834 722.64996
2920 null
2921 null
2922 -248.90234 877.7408 416.59592
2923 null
2924 null
2925 -120.91 806.355 733.0
2926 null
2927 null
2928 -325.32593 864.37604 338.91406
2929 null
2930 null
2931 -382.61288 819.1799 377.17383
2932 null
2933 null
2934 -121.68 807.135 733.5
2935 null
2936 null
2937 -89.13 847.325 760.97
2938 null
2939 null
2940 -282.5931 892.88477 407.3285
2941 null
2942 null
2943 -324.26077 908.0772 369.5979
2944 null
2945 null
2946 -343.4664 800.282 470.7898
2947 null
2948 null
2949 -93.78 847.365 764.1
2950 null
2951 null
2952 -92.71 849.375 763.07
2953 null
2954 null
2955 -316.51456 845.76294 507.76382
2956 -298.1036 881.7464 460.12424
2957 -349.07974 888.28864 442.05313
2958 -398.56833 863.1973 349.408
2959 null
2960 null
2961 -390.61496 872.87476 433.60938
2962 -410.63037 862.9739 403.2052
2963 -391.8141 835.88007 424.17517
2964 -371.04745 906.93134 351.31076
2965 null
2966 null
2967 -390.90262 905.1768 365.8848
2968 null
2969 null
2970 201.41847 501.9857 384.55753
2971 null
2972 null
2973 -7.487284 453.38574 405.4552
2974 null
2975 null
2976 189.99333 512.1617 425.1033
2977 179.89555 528.055 442.50583
2978 197.70518 465.00858 405.83865
2979 2.6797943 419.26306 430.34158
2980 null
2981 null
2982 158.11815 573.12164 382.53854
2983 null
2984 null
2985 175.56734 553.5017 408.3966
2986 null
2987 null
2988 40.135334 378.95325 495.36206
2989 null
2990 null
2991 191.99113 434.65164 428.68555
2992 185.27937 451.0708 448.92014
2993 189.30223 414.03018 437.2163
2994 -411.04434 885.3903 378.7432
2995 null
2996 null
2997 -6.018642 448.8928 454.99707
2998 null
2999 null
3000 170.10777 353.16574 469.06778
3001 null
3002 null
3003 -371.88742 908.2046 413.73404
3004 -341.30225 905.6972 403.3589
3005 -366.9083 908.3886 383.32224
3006 -17.96251 480.4596 471.8248
3007 null
3008 null
3009 7.0062957 416.54907 473.64
3010 null
3011 null
3012 173.84077 401.48096 478.56778
3013 null
3014 null
3015 178.08144 491.17664 466.79257
3016 null
3017 null
3018 144.7152 593.0661 436.50333
3019 null
3020 null
3021 -319.2185 910.15753 398.77628
3022 null
3023 null
3024 -389.70407 906.6602 403.2948
3025 null
3026 null
3027 153.95827 579.07227 450.26865
3028 null
3029 null
3030 -7.4833336 451.14575 481.46854
3031 null
3032 null
3033 72.291725 327.68362 494.90234
3034 97.619995 319.65054 508.63782
3035 87.55444 343.47946 525.60333
3036 122.5711 349.86743 529.4475
3037 null
3038 null
3039 168.55243 461.76938 503.41196
3040 158.22395 488.96524 534.5484
3041 149.94939 439.8491 552.85114
3042 168.7737 513.5213 491.80862
3043 165.0711 549.8776 467.33224
3044 156.66035 560.50995 485.8668
3045 40.14531 398.31894 525.4448
3046 23.095995 430.64743 539.30615
3047 14.360576 417.13358 503.34048
3048 127.905304 608.48364 481.56345
3049 null
3050 null
3051 149.09827 388.5818 535.5901
3052 null
3053 null
3054 148.36555 541.33276 552.7022
3055 144.59593 530.01056 566.74664
3056 155.59383 531.7609 532.00616
3057 -25.014074 486.90128 516.7774
3058 null
3059 null
3060 150.44862 566.9477 516.90924
3061 null
3062 null
3063 -309.28 761.755 479.91
3064 null
3065 null
3066 -300.82 754.395 481.08
3067 null
3068 null
3069 128.20445 432.7839 592.23895
3070 113.85 438.89352 604.7489
3071 114.98458 388.94638 567.9372
3072 85.215065 405.39844 584.29816
3073 null
3074 null
3075 135.59056 581.88654 549.3435
3076 null
3077 null
3078 -173.73982 870.439 520.20953
3079 -166.92766 875.13947 549.5525
3080 -130.26001 863.15283 541.51556
3081 -235.58032 869.11646 510.54968
3082 null
3083 null
3084 -318.97705 796.59125 508.47122
3085 null
3086 null
3087 -285.47928 797.4759 557.7946
3088 -285.6899 738.8681 526.9922
3089 -287.87888 754.4114 555.9473
3090 -217.42 667.785 522.44
3091 null
3092 null
3093 11.256419 462.37378 574.2075
3094 null
3095 null
3096 -119.591484 861.4202 515.4828
3097 null
3098 null
3099 -217.09 669.305 529.29
3100 null
3101 null
3102 139.67058 492.62634 583.1604
3103 null
3104 null
3105 -251.46149 855.5286 544.41876
3106 null
3107 null
3108 49.3237 432.43167 589.3618
3109 null
3110 null
3111 -93.12222 847.97833 520.46893
3112 null
3113 null
3114 -268.9268 707.8992 569.4698
3115 null
3116 null
3117 -206.3473 667.81274 587.9258
3118 null
3119 null
3120 30.18926 458.89273 599.2541
3121 null
3122 null
3123 76.336235 454.88168 619.40265
3124 null
3125 null
3126 -284.94666 830.72284 547.49115
3127 null
3128 null
3129 -105.619995 847.3283 580.0267
3130 -100.7221 844.9258 590.8914
3131 -73.81095 829.9324 551.93243
3132 -108.712585 853.1372 552.2603
3133 null
3134 null
3135 -251.6311 761.58203 602.77704
3136 -226.83333 787.6372 617.64667
3137 -266.9725 781.1013 582.9926
3138 -196.7386 870.5306 578.0146
3139 null
3140 null
3141 -249.58148 826.2202 578.95557
3142 null
3143 null
3144 -256.5537 694.35614 604.7285
3145 -220.06062 689.04596 619.4246
3146 -254.95703 727.8872 613.6767
3147 -121.924934 861.96826 576.04443
3148 null
3149 null
3150 -140.21155 845.00885 636.09247
3151 null
3152 null
3153 -211.75 816.65454 616.8515
3154 null
3155 null
3156 -211.70937 771.7661 639.1104
3157 null
3158 null
3159 -101.29223 839.8984 641.89923
3160 null
3161 null
3162 -130.44 800.595 719.91
3163 null
3164 null
3165 -169.15 712.795 739.52
3166 null
3167 null
3168 -201.25 676.975 750.46
3169 null
3170 null
3171 8.503167 -564.4943 -103.22049
3172 null
3173 null
3174 314.3469 -345.14917 339.6218
3175 null
3176 null
3177 319.70825 -543.419 329.97815
3178 null
3179 null
3180 264.9976 -50.83755 268.3342
3181 null
3182 null
3183 231.07654 -131.10649 296.04062
3184 242.01445 -201.25032 309.4779
3185 255.49666 -178.09502 299.35556
3186 270.82352 -288.3503 335.4913
3187 null
3188 null
3189 216.29962 -20.892036 280.73483
3190 231.50049 1.9094449 272.72037
3191 201.97742 4.8605556 281.9122
3192 238.51186 149.36241 301.22372
3193 null
3194 null
3195 268.52856 -536.4434 350.7272
3196 null
3197 null
3198 242.33134 -433.22583 370.66483
3199 272.0148 -478.27808 362.39197
3200 276.19418 -417.05795 364.7352
3201 201.36053 -70.03823 288.32104
3202 null
3203 null
3204 221.02544 37.981174 274.82187
3205 null
3206 null
3207 197.31334 153.945 338.59998
3208 188.56848 86.34463 309.79086
3209 220.91136 170.40306 327.79453
3210 278.91815 -365.76053 360.50223
3211 null
3212 null
3213 189.28557 190.85023 361.93137
3214 null
3215 null
3216 238.339 -290.45255 344.8711
3217 203.96355 -318.44345 356.7698
3218 237.4826 -339.47598 361.88074
3219 232.14038 -384.64542 370.0922
3220 null
3221 null
3222 188.07916 -167.52669 307.51022
3223 null
3224 null
3225 225.03688 -496.76282 366.90567
3226 null
3227 null
3228 122.956665 47.360928 306.0604
3229 163.19012 35.890553 296.86258
3230 149.62 51.493885 307.3185
3231 207.08852 -264.9609 338.0411
3232 null
3233 null
3234 196.72023 -216.88403 321.34964
3235 null
3236 null
3237 179.14482 -0.35203743 286.43777
3238 null
3239 null
3240 158.284 121.8122 344.44104
3241 null
3242 null
3243 197.78296 -381.08984 371.24295
3244 180.98358 -360.67313 367.14
3245 199.91754 -423.751 373.7822
3246 172.82854 -32.74648 286.82443
3247 null
3248 null
3249 151.55148 -336.49686 359.77963
3250 168.86235 -271.68637 339.42444
3251 139.37431 -319.41794 354.0068
3252 167.50444 -67.515 289.4211
3253 null
3254 null
3255 -0.08506171 -577.7332 317.42053
3256 null
3257 null
3258 221.40999 -620.2817 326.48
3259 null
3260 null
3261 213.45998 -530.81244 361.66666
3262 null
3263 null
3264 141.32428 -28.849855 286.57465
3265 null
3266 null
3267 178.87532 -525.31104 363.12708
3268 184.38481 -463.4976 372.5189
3269 148.29445 -457.4224 371.83963
3270 171.52852 -324.98965 357.56754
3271 null
3272 null
3273 157.25 -158.35612 304.05777
3274 132.02 -159.52269 303.3464
3275 147.75793 -233.24641 325.3224
3276 103.56551 -120.14734 292.72025
3277 130.30815 -73.93129 288.15817
3278 105.37482 -74.90426 286.65298
3279 210.0 -628.525 322.48
3280 null
3281 null
3282 209.73 -618.005 329.61
3283 null
3284 null
3285 209.26 -607.645 335.19
3286 null
3287 null
3288 95.19449 70.28405 317.33163
3289 null
3290 null
3291 6.988519 -525.2417 336.65225
3292 9.507037 -552.9476 331.2326
3293 28.261976 -521.77045 346.60373
3294 32.329506 -453.9999 353.79208
3295 null
3296 null
3297 183.32433 -599.14844 339.28696
3298 null
3299 null
3300 34.02531 -385.73093 351.26486
3301 null
3302 null
3303 88.12655 -42.26903 281.7515
3304 null
3305 null
3306 119.86625 -415.85318 369.63443
3307 null
3308 null
3309 149.70177 -563.4981 352.59497
3310 null
3311 null
3312 106.95145 -320.57712 350.85043
3313 null
3314 null
3315 107.83209 -202.36302 312.11435
3316 null
3317 null
3318 121.467 -484.42984 368.08566
3319 null
3320 null
3321 128.82777 -571.4694 350.1559
3322 null
3323 null
3324 99.88555 -265.93832 332.08444
3325 null
3326 null
3327 64.025314 -93.15826 278.86218
3328 null
3329 null
3330 36.50778 -14.113396 260.26187
3331 61.15889 -29.285742 272.32077
3332 66.28889 -0.016111055 275.66443
3333 59.543087 -251.27205 315.31332
3334 69.5416 -294.88782 335.98196
3335 80.239876 -235.755 316.14075
3336 78.654 -399.4585 364.08203
3337 null
3338 null
3339 65.29899 -555.7497 346.30728
3340 null
3341 null
3342 91.085175 -535.19354 357.6526
3343 null
3344 null
3345 100.10407 -506.54648 363.98264
3346 null
3347 null
3348 44.81444 -91.50019 271.33667
3349 null
3350 null
3351 61.49531 -427.49002 362.74777
3352 71.10333 -474.63724 363.8889
3353 87.29111 -447.2561 367.387
3354 15.009999 -126.19166 263.31668
3355 27.353088 -67.35771 260.61484
3356 0.6288885 -119.72512 253.90532
3357 4.261852 -19.470184 241.64221
3358 null
3359 null
3360 29.112223 -292.27243 321.98074
3361 null
3362 null
3363 26.768148 -349.05722 342.85483
3364 null
3365 null
3366 -28.54 -381.565 -5.82
3367 null
3368 null
3369 240.6737 -35.860554 -147.66888
3370 226.87445 -0.12166691 -151.60112
3371 248.02998 -6.665001 -135.82668
3372 234.19733 -326.10898 -84.37155
3373 null
3374 null
3375 241.9446 -462.47983 -37.244938
3376 222.9561 -429.83932 -33.82988
3377 258.32666 -421.86426 -41.493332
3378 247.71234 -378.56277 -59.041233
3379 null
3380 null
3381 185.04222 3.1472218 -173.9474
3382 135.34822 -17.442202 -185.95766
3383 134.29889 50.667225 -185.09926
3384 209.01576 -85.80929 -167.37209
3385 null
3386 null
3387 171.19395 252.88982 -174.47174
3388 null
3389 null
3390 212.06111 -265.7039 -116.21408
3391 null
3392 null
3393 211.60114 -497.4032 -37.58653
3394 197.32 -572.14386 -37.078888
3395 176.67543 -550.26654 -38.161606
3396 190.85333 93.31092 -182.74963
3397 null
3398 null
3399 221.57666 -359.62943 -70.384445
3400 null
3401 null
3402 173.72156 169.17436 -182.7949
3403 null
3404 null
3405 170.73853 119.39352 -183.56172
3406 135.02 97.69055 -184.36446
3407 140.16667 127.46833 -182.80779
3408 163.33333 334.63278 -145.27556
3409 null
3410 null
3411 156.41304 292.64493 -162.36403
3412 null
3413 null
3414 145.65668 -156.245 -171.49223
3415 138.02605 -109.01022 -181.06404
3416 178.60225 -121.30015 -173.14453
3417 195.46667 -148.61574 -164.91667
3418 null
3419 null
3420 183.0756 -207.94994 -150.16774
3421 181.1911 -252.875 -131.43668
3422 146.44322 -264.83133 -130.39417
3423 189.59734 -335.9196 -83.709465
3424 null
3425 null
3426 155.34853 63.913513 -183.34258
3427 null
3428 null
3429 143.7763 -387.87143 -42.833088
3430 148.36333 -344.875 -78.64333
3431 178.78802 -372.90256 -55.26358
3432 188.63481 -420.06522 -31.560232
3433 null
3434 null
3435 151.4137 -80.04154 -182.25336
3436 null
3437 null
3438 180.51482 -280.43387 -117.1937
3439 null
3440 null
3441 164.53261 -173.67796 -164.94
3442 null
3443 null
3444 108.39133 231.19875 -173.76283
3445 null
3446 null
3447 113.8704 -420.28455 -28.385557
3448 159.38268 -481.66092 -32.028973
3449 133.55469 -480.05045 -32.35889
3450 148.11374 -326.5616 -92.25824
3451 null
3452 null
3453 84.30036 -186.0561 -166.24852
3454 112.73827 -152.26192 -176.3827
3455 133.92596 -211.05052 -156.26955
3456 159.10638 -592.2802 -17.280907
3457 null
3458 null
3459 119.88938 81.2571 -185.52086
3460 null
3461 null
3462 121.537415 -62.28438 -186.49098
3463 null
3464 null
3465 91.09408 242.79573 -172.1363
3466 null
3467 null
3468 43.475555 177.84612 -176.71
3469 53.08482 223.26697 -177.69012
3470 72.571846 180.57945 -176.49495
3471 88.763985 14.039321 -187.11334
3472 null
3473 null
3474 137.06 -526.63275 -39.410126
3475 null
3476 null
3477 121.2612 -554.14404 -39.44547
3478 null
3479 null
3480 88.041145 -112.507385 -182.70117
3481 53.003338 -117.39834 -176.36333
3482 53.20407 -85.667595 -179.77295
3483 99.23304 -290.0471 -120.74407
3484 null
3485 null
3486 86.576294 -233.15857 -148.45506
3487 null
3488 null
3489 64.15296 -452.30423 -32.03679
3490 94.85374 -493.39426 -39.42317
3491 59.72333 -475.67166 -37.85667
3492 81.55852 -58.72278 -186.38814
3493 null
3494 null
3495 80.42272 -418.14685 -28.069506
3496 null
3497 null
3498 10.332099 -35.47167 -159.69704
3499 62.06378 35.102863 -182.09392
3500 24.870028 -105.849266 -166.10625
3501 62.26346 -38.697964 -183.63074
3502 null
3503 null
3504 68.23168 -630.0525 -4.2452674
3505 62.657406 -586.94574 -38.429626
3506 65.07022 -529.60736 -50.939068
3507 42.072712 -162.30734 -163.13939
3508 null
3509 null
3510 56.550613 -229.76488 -143.18297
3511 17.029013 -220.30202 -132.05135
3512 20.481113 -177.38762 -149.99062
                                                                                                                                                                                                                                                                                                                                                                                                                                                                                                                                                                                                                                                                                                                                                                                                                                                                                                                                                                                                                                                                                                                                                                                                                                                                                                                                                                                                                                                                                                                                                                                                                                                                                                                                                                                                                                                                                                                                                                                                                                                                                                                                                                                                                                                                                                                                                                                                                                                                                                                                                                                                                                                                                                                                                                                                                                                                                                                                                                                                                                                                                                                                                                                                                                                                                                                                                                                                                                                                                                                                                                                                                                                                                                                                                                                                                                                                                                                                                                                                                                                                                                                                                                                                                                                                                                                                                                                                                                                                                                                                                                                                                                                                                                                                                                                                                                                                                                                                                                                                                                                                                                                                                                                                                                                                                                                                                                                                                                                                                                                                                                                                                                                                                                                                                                                                                                                                                                                                                                                                                                                                                                                                                                                                                                                                                                                                                                                                                                                                                                                                                                                                                                                                                                                                                                                                                                                                                                                                                                                                                                                                                                                                                                                                                                                                                                                                                                                                                                                                                                                                                                                                                                                                                                                                                                                                                                                                                                                                                                                                                                                                                                                                                                                                                                                                                                                                                                                                                                                                                                                                                                                                                                                                                                                                                                                                                                                                                                                                                                                                                                                                                                                                                                                                                                                                                                                                                                                                                                                                                                                                                                                                                                                                                                                                                                                                                                                                                                                                                                                                                                                                                                                                                                                                                                                                                                                                                                                                                                                                                                                                                                                                                                                                                                                                                                                                                                                                                                                                                                                                                                                                                                                                                                                                                                                                                                                                                                                                                                                                                                                                                                                                                                                                                                                                                                                                                                                                                                                                                                                                                                                                                                                                                                                                                                                                                                                                                                                                                                                                                                                                                                                                                                                                                                                                                                                                                                                                                                                                                                                                                                                                                                                                                                                                                                                                                                                                                                                                                                                                                                                                                                                                                                                                                                                                                                                                                                                                                                                                                                                                                                                                                                                                                                                                                                                                                                                                                                                                                                                                                                                                                                                                                                                                                                                                                                                                                                                                                                                                                                                                                                                                                                                                                                                                                                                                                                                                                                                                                                                                                                                                                                                                                                                                                                                                                                                                                                                                                                                                                                                                                                                                                                                                                                                                                                                                                                                                                                                                                                                                                                                                                                                                                                                                                                                                                                                                                                                                                                                              